790,791,1273
709,710,1313
311,1020,1021
94,319,991
167,201,875
59,64,293
493,494,1072
930,1437,1455
35,107,267
222,228,963
804,1283,1400
758,759,1234
189,806,1304
200,842,1301
618,619,1425
981,982,985
479,480,1054
14,21,259
651,652,1322
103,162,370
223,224,938
580,1102,1103
683,1422,1424
30,31,88
728,729,1205
483,484,1050
900,901,1473
96,328,329
628,1140,1444
792,793,1423
176,750,1231
868,869,1481
383,439,440
900,901,1365
145,787,788
566,567,1090
715,1320,1321
61,345,1003
836,1456,1478
649,1164,1166
114,115,262
83,84,1078
726,1202,1346
454,455,1189
321,322,325
1059,1064,1141
954,955,1504
698,1191,1294
206,835,1455
821,1252,1332
122,385,442
846,847,1309
782,783,1441
602,1382,1383
733,1352,1353
143,1326,1327
192,823,1334
299,311,312
646,647,1170
207,882,1489
745,883,1364
635,1163,1338
671,1222,1397
611,1141,1412
4,240,967
854,855,1486
415,1049,1050
701,702,1201
27,28,965
757,1236,1238
520,1067,1155
29,260,972
83,571,1168
634,1159,1340
909,910,1473
23,24,77
716,717,1205
355,356,372
497,1070,1241
818,1329,1330
707,1214,1307
48,111,112
196,888,1457
22,244,971
45,279,984
134,766,1379
20,236,237
211,962,1506
914,915,1451
210,218,1506
1185,1186,1386
506,1242,1264
781,782,1439
685,686,1229
723,1359,1360
552,1084,1251
739,740,1210
904,1375,1459
87,88,1085
125,163,587
512,1059,1141
101,356,357
820,1252,1255
9,13,32
392,413,414
286,287,985
191,209,210
811,1319,1322
516,517,1149
360,1006,1007
162,370,1015
760,1230,1378
524,1148,1150
690,1433,1434
141,144,539
622,1429,1440
606,1130,1400
958,1502,1503
854,855,1312
1391,1393,1448
154,195,196
441,442,1036
883,1469,1472
864,1486,1492
514,515,1145
744,882,1197
543,1255,1259
219,944,962
933,1391,1393
210,218,956
739,1210,1212
404,405,480
684,1424,1426
444,1034,1178
713,1213,1318
126,904,1379
932,1392,1449
655,656,1310
765,1220,1375
804,1283,1402
434,1043,1044
147,148,495
337,338,349
911,1405,1477
497,498,1070
689,1432,1433
632,633,1341
877,1344,1349
861,1358,1359
225,938,950
475,476,1178
555,1088,1096
324,325,994
803,1402,1403
640,1333,1334
54,139,140
737,1214,1215
871,872,1345
808,1310,1314
130,476,1178
835,1455,1456
697,1190,1293
789,1241,1267
694,695,1438
749,1227,1229
24,77,78
643,644,1176
747,1366,1373
117,178,179
574,1082,1160
872,1345,1487
599,600,1123
395,396,1032
145,146,1241
536,1093,1257
242,243,252
98,100,346
301,302,1040
28,82,83
777,778,1285
461,462,1122
603,604,1119
64,141,142
32,85,86
871,1345,1352
12,15,255
741,1206,1348
80,147,495
877,878,1349
1279,1310,1314
527,1071,1144
699,1197,1296
576,1080,1097
596,1126,1127
639,1171,1334
933,1391,1448
191,548,1262
500,501,1061
815,1253,1327
863,1357,1493
851,1321,1323
138,139,504
125,860,1360
423,424,1111
878,1348,1484
806,1304,1308
561,562,1169
167,875,876
793,1249,1421
717,1205,1315
827,1258,1338
151,152,196
918,1417,1471
403,481,482
817,818,1261
838,1489,1491
417,418,1047
88,190,547
354,373,374
522,1069,1152
836,1294,1295
641,1332,1333
528,529,1140
665,666,1185
280,981,982
514,1143,1145
183,660,1179
690,1221,1433
726,1200,1357
785,1271,1445
99,158,333
900,1473,1476
1244,1247,1283
422,472,473
542,1090,1259
52,292,988
582,1100,1101
601,602,1383
892,1471,1474
663,664,1383
285,286,984
73,505,1242
216,852,853
172,730,1209
387,465,1106
857,1485,1493
404,1027,1028
900,1365,1367
632,1157,1341
611,1139,1410
758,1234,1236
399,1032,1033
216,853,1320
33,34,264
254,974,975
491,492,1276
840,1299,1484
696,697,1293
59,60,337
884,885,1373
626,1144,1446
425,1112,1113
77,496,497
149,150,1063
493,1062,1278
520,1061,1155
620,621,1154
93,318,319
653,654,1317
855,1312,1486
216,1320,1321
5,28,233
902,903,1464
768,1390,1392
86,561,562
843,1301,1302
948,949,958
953,954,1503
724,1196,1358
537,538,1248
88,546,547
39,113,266
918,1420,1474
151,329,995
686,687,1227
910,1404,1476
342,343,1000
176,750,751
753,1237,1363
1204,1343,1348
572,573,1164
655,1135,1310
705,706,1210
688,1431,1432
177,178,1371
670,1220,1394
355,372,373
482,483,1051
917,918,1417
366,1012,1013
272,982,983
270,271,978
9,241,250
62,141,144
301,1039,1040
817,818,1329
475,1034,1178
174,175,889
792,1272,1425
100,155,346
34,263,264
631,780,1395
129,431,474
493,1072,1271
103,161,162
60,63,294
187,745,882
781,1263,1274
734,1345,1352
173,176,750
512,1059,1077
869,870,1488
781,1263,1395
248,256,257
568,1172,1174
394,395,1031
825,826,1337
590,1111,1112
545,1085,1092
61,62,143
77,497,1070
850,851,1481
908,1399,1470
519,520,1155
345,1002,1003
81,141,144
557,1084,1087
177,180,759
91,131,1045
208,930,1437
567,1091,1174
683,1233,1235
725,1357,1358
81,539,540
933,1448,1449
661,1380,1381
649,650,1325
544,1252,1255
448,449,1183
624,1442,1443
40,108,267
223,951,963
838,1296,1489
649,1166,1326
393,394,1030
837,838,1489
354,355,373
576,1135,1156
124,421,473
221,228,957
589,1110,1111
638,1167,1169
19,239,967
893,894,1466
233,238,966
788,789,1241
24,258,975
117,120,178
80,495,496
479,1054,1055
597,1387,1388
271,978,979
421,422,1109
447,448,1182
53,56,138
534,535,1265
864,1346,1356
61,62,64
180,1232,1234
606,607,1132
139,140,1243
101,159,356
43,111,979
865,1482,1486
462,1121,1122
605,658,1130
126,407,1127
668,1387,1388
212,219,220
629,1136,1138
933,934,1391
872,1351,1480
93,96,151
124,418,419
628,629,1138
825,1260,1337
670,671,1222
4,231,964
191,192,210
884,1364,1373
165,166,1342
472,1099,1100
3,19,239
683,684,1233
911,1404,1405
923,1428,1457
5,28,235
20,236,967
535,536,1257
161,357,1009
93,151,329
192,824,1335
647,1168,1170
696,1291,1293
224,225,938
510,1063,1077
717,1203,1205
468,469,1103
28,233,965
157,158,198
380,436,437
39,113,268
683,1233,1424
445,1179,1180
146,147,496
169,172,730
1129,1131,1132
835,836,1456
423,424,471
810,811,1265
756,757,1368
951,952,1501
214,215,222
918,1417,1420
580,592,593
945,961,962
1293,1294,1455
711,1216,1316
102,103,358
233,235,965
533,534,1270
86,561,1169
938,939,951
169,729,866
60,294,337
112,169,170
206,935,1450
857,1305,1485
517,518,1151
951,963,1501
280,985,986
907,908,1397
644,1330,1331
794,795,1243
920,1422,1424
356,371,372
755,1239,1370
91,555,1096
31,32,241
607,1132,1402
573,574,1162
248,249,256
499,1068,1069
50,291,327
564,565,1092
173,750,1229
49,292,323
616,617,1151
941,1497,1498
722,723,1194
833,834,1287
823,824,1335
428,1115,1116
709,1217,1313
943,955,956
211,936,962
173,1229,1361
736,737,1350
386,604,1119
343,1000,1001
783,784,1278
189,806,1244
391,392,413
670,1220,1222
242,243,969
384,1023,1024
57,61,62
446,447,1181
17,20,237
772,773,774
630,1133,1136
522,1152,1154
1060,1065,1145
124,397,1033
749,750,1229
687,688,1431
795,1243,1419
568,1091,1172
51,56,291
825,826,1260
684,1231,1426
21,22,79
1208,1210,1301
541,542,1091
185,186,695
608,1134,1406
733,734,1352
83,572,1078
563,1085,1173
917,1416,1417
848,849,1316
487,669,1195
794,795,1419
697,1191,1294
271,981,982
165,738,739
864,1346,1492
122,443,444
767,768,1390
559,1163,1165
210,218,936
883,884,1472
507,1064,1065
77,146,496
577,578,1105
667,1186,1386
935,1438,1455
954,1503,1504
894,1370,1466
444,1178,1179
123,388,407
674,675,1405
653,1156,1158
91,1044,1045
576,1080,1156
152,153,319
1,27,229
533,1097,1275
75,1058,1149
32,86,87
377,1016,1017
96,151,328
519,1067,1155
861,1359,1483
126,905,1452
5,233,238
729,730,1207
188,1389,1447
728,1355,1356
127,408,1057
1275,1279,1314
633,1157,1159
14,21,254
212,220,944
581,1101,1102
634,1161,1339
334,996,997
74,1060,1147
847,1309,1313
223,227,938
725,1196,1200
27,235,965
789,790,1267
713,1318,1323
84,1078,1248
82,83,1168
662,663,1382
57,58,61
926,927,1433
204,896,897
545,546,1085
156,157,341
274,275,978
655,1129,1310
647,1170,1328
170,171,867
636,1163,1338
400,401,1031
588,1109,1110
58,345,1003
142,143,814
926,1432,1433
614,1145,1147
48,288,987
632,1289,1341
869,1481,1488
510,1280,1281
174,175,196
33,115,262
681,1239,1417
451,1185,1186
452,453,457
599,1385,1386
808,1279,1310
53,138,139
365,366,1013
162,202,203
12,30,250
195,889,890
420,421,1108
435,436,1042
99,333,342
933,934,1448
428,466,467
544,1086,1092
291,327,992
93,96,329
567,1174,1176
440,1037,1038
842,1300,1479
848,1313,1316
130,443,444
538,1078,1248
8,239,967
380,381,437
662,663,1182
600,601,1384
121,377,433
680,1239,1416
177,180,1234
859,860,1483
62,63,294
163,586,859
894,1368,1461
794,1419,1421
683,684,1424
316,331,332
601,602,1121
919,920,1422
961,962,1506
773,1284,1292
717,718,1203
117,120,290
922,923,1428
382,383,1022
926,1432,1475
854,1312,1315
904,1452,1459
519,520,1067
853,854,1315
597,1125,1126
389,390,411
568,1091,1174
558,559,1094
822,1333,1334
785,1445,1446
51,332,992
835,1293,1455
850,1318,1323
608,1131,1403
582,590,591
856,1306,1311
729,1205,1355
361,1005,1006
646,647,1328
219,936,962
846,847,1480
811,812,1257
880,881,1491
691,1198,1435
294,337,999
49,54,323
3,19,230
76,138,139
890,1362,1374
666,1185,1385
68,71,72
712,1213,1216
417,1047,1048
439,440,1038
19,20,239
806,807,1247
190,546,1240
503,1243,1249
78,524,1148
895,896,1371
650,1324,1325
851,1323,1481
78,79,1148
634,1159,1161
627,1444,1445
22,23,245
628,1138,1140
184,1188,1189
37,38,266
123,388,409
927,1434,1469
67,68,72
756,757,1238
471,472,1100
19,230,964
41,269,284
375,376,1011
140,795,1419
101,159,160
325,993,994
716,1205,1315
952,1501,1502
131,474,1118
205,913,1409
114,175,176
917,1417,1471
828,1251,1340
925,926,1432
716,1205,1207
738,1214,1342
122,445,464
333,342,1000
734,1216,1218
534,535,1082
822,1240,1333
522,1068,1069
896,1371,1451
815,1326,1327
902,1376,1464
713,714,1211
673,674,1228
52,55,292
699,1193,1197
551,1094,1258
298,299,1037
445,446,464
797,798,1264
200,842,843
43,273,979
743,744,1199
810,1317,1319
449,460,461
791,1273,1427
540,541,1256
734,1216,1352
137,796,797
405,479,480
671,672,1224
280,982,985
545,1240,1252
769,770,1393
781,1274,1439
362,1004,1005
75,517,1149
183,1178,1179
544,545,1252
353,1006,1007
33,115,264
191,547,548
47,118,285
512,1077,1137
207,883,1469
459,460,1124
10,245,971
848,849,1494
28,81,82
833,1288,1448
797,1242,1415
190,209,212
25,28,83
528,1140,1142
211,219,962
26,964,967
806,1247,1308
108,166,167
360,361,366
942,943,1499
501,1061,1272
841,842,1300
243,252,253
119,269,976
771,1389,1391
573,1162,1164
1247,1279,1310
629,1136,1439
624,625,1443
1083,1091,1172
340,996,997
531,1133,1136
91,92,305
179,897,898
515,1060,1147
124,419,420
717,1312,1315
269,976,977
714,715,1209
18,19,230
656,1308,1310
766,1195,1220
215,851,1321
625,626,1446
179,180,1378
960,961,1505
615,1418,1419
401,1030,1031
859,1290,1483
36,114,268
137,796,1415
27,229,965
143,814,815
740,741,1208
491,1074,1274
652,653,1158
130,444,1034
854,1482,1486
497,498,1241
1344,1454,1479
359,360,365
529,1062,1073
724,1194,1359
719,720,1306
4,26,967
678,1238,1414
210,217,218
763,764,1372
673,674,1404
841,1299,1484
145,788,1442
174,196,888
1208,1344,1349
404,405,1027
583,1099,1100
658,1130,1304
667,1187,1387
157,333,341
905,1188,1189
8,20,237
43,48,111
834,1287,1450
734,1218,1345
339,340,997
528,1062,1072
891,1363,1474
1283,1402,1403
934,1391,1448
582,583,590
378,434,435
753,754,1363
205,913,914
623,1440,1442
635,636,1338
421,1108,1109
59,63,337
703,1204,1206
84,141,539
223,938,951
905,906,1452
777,1285,1287
677,1234,1236
280,281,982
204,896,1451
502,503,1249
676,1232,1408
518,1058,1066
201,876,1454
520,521,1155
746,1223,1373
45,284,980
334,342,343
281,982,986
714,1211,1323
76,138,504
429,1116,1117
515,1065,1145
302,308,309
190,191,209
877,1344,1454
885,886,1468
535,1257,1265
670,1394,1397
188,805,1400
51,315,332
145,148,787
602,603,1120
742,743,1343
98,340,996
752,1233,1362
640,641,1333
221,222,957
689,1221,1223
155,156,200
850,1318,1488
610,1137,1407
421,422,473
6,237,966
199,844,1453
813,1324,1325
548,549,1095
821,822,1333
732,733,1213
827,828,1254
115,116,264
303,304,307
815,816,1253
226,950,1495
697,698,1191
1,235,965
627,1140,1142
808,1279,1314
941,942,1498
309,310,1019
126,134,1379
490,1074,1075
706,1210,1302
192,824,1262
892,1377,1471
55,292,988
360,365,366
396,417,418
730,731,1209
249,968,969
900,1367,1476
200,201,1454
845,1303,1453
122,444,445
787,788,1442
714,1209,1211
594,1115,1116
531,1075,1133
679,680,1416
607,1131,1132
701,1201,1298
246,247,258
628,629,1441
507,508,1269
652,1158,1319
492,493,1278
10,21,22
734,735,1218
358,359,364
940,941,1497
368,1010,1011
40,267,268
645,1172,1329
847,1309,1480
665,1384,1385
176,751,1231
526,527,1144
30,31,250
701,1199,1201
452,453,1187
160,161,205
15,260,972
45,290,984
877,1349,1479
757,1236,1371
89,604,1380
598,1124,1125
449,450,460
721,722,1290
961,1505,1506
437,1040,1041
222,228,1501
26,240,967
789,1241,1440
907,1394,1459
98,100,156
1393,1448,1449
377,433,434
8,20,239
420,1107,1108
168,740,1210
834,1449,1450
303,1041,1042
553,1084,1088
33,34,261
838,1296,1297
217,943,1500
402,403,1029
49,54,327
401,402,483
521,619,1154
494,495,1071
862,863,1357
784,1278,1444
408,1056,1057
721,1290,1305
216,223,224
148,1442,1443
629,630,1136
798,1264,1413
168,740,1344
847,848,1487
870,871,1352
12,250,968
570,1079,1168
557,558,1161
31,241,250
153,154,194
342,350,1000
93,318,329
190,546,547
209,212,937
188,805,1389
338,339,998
11,16,23
633,634,1340
75,76,1058
431,474,1118
168,1210,1212
212,220,937
508,1269,1277
74,75,516
48,111,274
426,427,468
468,1103,1104
901,1470,1473
1389,1391,1447
39,265,266
518,519,1153
161,162,202
522,523,1152
713,714,1323
384,440,441
700,1197,1199
449,1183,1184
551,552,1087
663,1182,1183
1061,1067,1155
464,1119,1120
782,1274,1276
687,1225,1431
491,492,1073
304,305,1043
10,22,971
169,172,1209
169,730,1207
774,775,1286
742,1206,1348
158,342,350
200,843,1301
743,1343,1347
935,1285,1450
29,32,87
77,78,1070
726,727,1202
887,888,1361
1186,1386,1387
816,1253,1327
17,18,965
378,379,435
4,26,232
667,668,1387
514,515,1065
928,1465,1469
639,640,1334
107,165,168
89,90,314
644,1174,1176
686,1229,1428
568,569,1083
719,1202,1311
210,936,1506
878,1348,1349
769,1392,1393
672,1224,1226
313,1022,1023
650,1162,1164
856,857,1493
82,570,1079
119,269,980
666,1186,1386
816,1256,1328
352,375,376
136,488,586
1135,1310,1314
197,923,1457
114,173,176
493,1271,1278
132,475,659
400,484,485
197,1428,1457
628,1138,1441
615,616,1149
947,959,960
757,1368,1371
669,1195,1220
575,1080,1082
611,1139,1141
143,144,1253
171,214,868
894,895,1368
88,190,546
960,1504,1505
785,786,1268
633,1157,1341
667,668,1187
163,586,1107
809,1275,1314
565,566,1177
760,1230,1232
587,588,1109
857,1305,1306
450,451,1185
916,1416,1466
82,571,1168
489,1076,1245
190,193,1240
119,120,980
1,229,965
828,829,1251
574,1082,1093
617,618,1423
302,1040,1041
563,564,1173
22,245,971
846,1307,1458
25,26,83
885,1468,1475
886,887,1460
120,290,984
856,857,1306
159,370,1015
331,993,994
304,305,306
159,162,204
902,1372,1376
517,1149,1151
852,853,1320
173,174,1361
257,974,975
724,725,1358
852,1320,1321
892,1363,1377
601,1383,1384
570,1079,1170
231,964,967
554,1088,1246
732,1353,1354
364,1014,1015
41,119,976
630,1395,1439
90,1034,1035
812,1250,1324
298,312,313
1079,1168,1170
255,256,973
879,1348,1484
448,1182,1183
634,1339,1340
783,1276,1278
745,746,1219
97,333,341
137,140,796
662,1181,1182
794,1249,1421
882,1193,1197
879,1343,1490
52,55,56
82,570,571
849,850,1488
223,225,227
498,1241,1267
607,608,1403
869,870,1353
789,1267,1429
165,168,1212
834,1285,1450
318,329,330
44,118,277
169,730,1209
608,609,1406
541,1083,1091
188,1244,1400
377,378,434
560,1165,1167
872,873,1480
571,572,1166
447,1181,1182
433,434,1044
774,1284,1286
666,667,1386
258,259,975
750,751,1231
549,550,1089
688,1223,1225
469,1102,1103
553,554,1088
236,240,967
808,809,1275
178,179,897
86,87,562
592,1113,1114
691,1219,1434
699,700,1296
856,1306,1493
753,1235,1237
502,503,1066
26,27,232
523,524,1150
51,52,315
69,72,146
764,1222,1376
828,1251,1254
307,308,1017
1244,1304,1308
93,151,152
199,843,1302
424,425,1112
521,1061,1155
74,75,1149
762,1365,1367
200,842,1454
494,1071,1072
910,911,1476
872,1480,1487
131,474,1045
98,156,346
932,933,1449
150,1129,1131
100,350,1000
932,1449,1450
89,1076,1245
837,1295,1296
533,534,1080
808,1275,1279
790,1267,1273
705,1301,1302
94,320,991
384,385,441
666,667,1186
838,839,1491
648,1326,1327
78,524,525
948,949,1496
78,79,525
655,1310,1314
320,321,990
761,1367,1378
507,1264,1269
88,546,1085
109,282,283
550,1094,1258
814,815,1326
133,136,1046
476,1034,1178
627,628,1444
942,943,955
140,795,796
862,1357,1493
83,1166,1168
218,936,1506
241,250,968
20,73,74
682,1420,1422
573,574,1093
65,363,369
116,173,174
462,463,1121
692,1192,1198
583,589,590
733,1216,1352
945,946,961
826,1258,1338
518,1151,1153
567,568,1174
425,469,470
807,1308,1310
199,200,1302
909,1401,1473
112,288,987
391,392,1028
68,71,296
708,709,1215
149,1097,1275
657,1132,1308
916,1461,1466
844,1302,1303
642,1177,1331
20,236,966
55,56,137
593,594,1115
717,1203,1312
907,1397,1464
784,1271,1445
475,476,1034
418,419,1046
367,368,1011
615,1147,1418
1185,1385,1386
705,1208,1301
923,1457,1460
5,233,235
920,921,1462
528,529,1062
858,1305,1485
846,1458,1480
130,476,1034
759,1232,1234
566,1176,1177
293,349,1003
143,1253,1327
395,396,417
743,1199,1347
20,239,967
506,507,1264
854,1312,1486
177,758,1371
785,786,1446
908,1397,1399
118,179,180
691,692,1435
402,482,483
849,1488,1494
929,930,1436
907,1394,1397
584,588,589
28,965,966
949,957,958
38,105,263
761,762,1228
579,593,594
243,244,253
698,1193,1295
153,319,991
657,1130,1304
879,880,1343
591,1112,1113
707,1212,1214
922,1426,1428
1,27,965
651,1162,1324
698,699,1295
44,277,285
54,323,327
927,928,1469
642,643,1331
193,822,1334
736,737,1215
536,1081,1250
512,1139,1141
670,671,1397
874,1350,1458
806,1244,1247
685,1231,1426
276,277,286
744,881,882
802,1282,1403
201,875,876
892,893,1377
710,711,1218
85,547,548
180,759,760
749,1361,1369
926,927,1472
508,509,1059
184,906,1394
86,562,1169
775,776,1288
422,423,1110
10,14,254
338,998,999
700,701,1199
340,346,347
819,1255,1259
560,1089,1095
551,552,1254
928,929,1465
734,735,1345
742,1204,1348
543,1086,1090
623,624,1148
194,922,1426
941,942,954
446,463,464
642,1175,1177
572,1078,1166
501,1061,1067
304,306,307
482,1051,1052
613,614,1415
494,1072,1271
48,112,288
704,705,1208
550,1258,1260
609,1137,1407
102,161,1009
182,772,1396
580,581,592
184,668,1188
553,1246,1251
527,528,1072
753,754,1237
8,236,237
673,1226,1228
509,510,1280
785,1268,1271
858,859,1290
907,908,1464
650,651,1324
756,1239,1370
949,1495,1496
702,703,1204
940,941,953
101,160,356
833,834,1449
139,503,504
618,1153,1155
206,935,1291
743,1201,1204
132,475,476
794,1243,1419
152,153,197
37,38,263
742,743,1204
189,805,831
389,390,1026
526,527,1071
104,159,370
944,945,962
50,53,54
940,952,953
128,420,1107
915,916,1414
724,1358,1359
551,1254,1258
559,560,1089
394,395,416
333,334,342
110,272,983
957,958,1502
222,223,963
786,1268,1446
770,771,1391
57,61,345
51,56,332
160,356,357
161,358,1009
899,1367,1378
868,869,1354
306,307,1016
551,1087,1094
1285,1287,1450
501,502,1266
447,462,463
645,646,1172
584,585,1098
901,902,1372
618,1153,1423
217,943,956
21,22,254
163,587,1108
70,296,1004
393,394,415
731,1211,1354
799,1410,1412
109,112,171
2,229,964
81,144,540
702,1204,1299
139,503,1243
697,698,1294
90,475,1128
159,160,204
513,1141,1143
61,64,142
600,1122,1123
807,808,1310
626,1142,1445
564,1085,1173
6,17,237
891,892,1363
203,204,897
733,1213,1353
853,1315,1320
247,257,258
118,119,278
73,1060,1242
221,226,228
16,258,259
313,314,1023
797,1264,1413
804,1244,1400
726,1200,1202
633,634,1159
133,723,1360
511,1063,1077
1,229,232
75,516,1149
617,1151,1153
55,56,315
630,631,1395
217,937,1500
878,879,1348
368,369,1010
629,630,1439
150,1129,1135
789,790,1429
871,1352,1494
499,1069,1267
4,26,964
619,620,1154
851,852,1321
22,79,80
692,1198,1435
226,949,957
920,1422,1467
655,1129,1135
126,406,478
552,553,1084
681,755,1237
601,1121,1122
657,1130,1132
100,156,346
674,1404,1405
92,554,1096
770,771,775
195,890,1462
686,1227,1430
765,1220,1222
860,861,1359
194,195,1462
33,261,262
202,205,1409
477,487,1057
832,833,1448
242,968,969
662,1381,1382
65,70,363
607,1402,1403
145,787,1442
137,138,1242
433,1044,1045
111,273,979
288,986,987
488,586,1107
381,437,438
81,540,1079
106,107,261
148,787,1443
608,1403,1406
667,1186,1387
61,142,143
206,935,1293
833,1287,1288
806,1244,1304
563,1171,1173
831,832,1447
17,18,234
499,500,1273
49,50,54
708,1215,1309
710,1313,1316
653,1317,1319
46,109,289
6,233,966
35,261,262
762,763,1226
439,1038,1039
627,628,1140
70,71,296
95,328,995
346,347,1001
694,695,1190
134,487,1195
17,965,966
754,755,1237
569,570,1079
641,642,1175
837,1478,1489
893,1370,1466
379,380,1019
24,259,975
637,1165,1167
310,1019,1020
560,1089,1165
1287,1288,1449
18,73,76
361,362,1005
167,1344,1454
550,1089,1094
707,708,1214
575,1158,1160
667,1186,1187
91,92,1096
578,579,1104
158,350,1000
489,1245,1263
741,1206,1208
830,1289,1341
429,430,465
908,1464,1470
654,655,1135
226,957,1495
222,963,1501
128,488,1107
868,1354,1481
672,673,1226
448,461,462
712,713,1213
94,95,153
178,204,896
675,676,1232
848,1316,1494
677,1234,1409
626,627,1445
613,1143,1145
763,764,1224
111,169,172
17,237,966
929,1435,1436
842,1454,1479
740,1344,1349
131,164,1118
562,1169,1171
948,958,959
669,670,1394
939,940,952
717,718,1312
401,402,1030
59,60,63
405,1026,1027
329,330,995
362,367,368
878,879,1484
453,454,456
649,1164,1325
800,1280,1407
142,813,1325
366,367,1012
176,751,1362
890,1374,1467
816,1253,1256
821,1240,1252
778,1285,1291
436,437,1041
579,580,593
906,907,1394
681,755,1239
440,441,1037
43,111,274
559,1094,1163
707,1303,1307
689,690,1221
887,1457,1460
8,20,236
494,1268,1271
671,672,1399
865,1355,1356
117,285,290
651,652,1160
233,965,966
817,1328,1329
894,1368,1370
102,357,1009
884,885,1475
287,985,986
618,619,1155
92,387,1106
475,631,659
934,1391,1447
540,1079,1083
885,1373,1475
648,1166,1168
3,19,231
198,874,875
690,1219,1434
84,141,538
527,1071,1072
17,20,966
133,1046,1047
89,386,604
517,1058,1149
177,758,759
191,192,1262
675,676,1408
392,393,414
864,1356,1486
1184,1185,1385
894,1461,1466
365,1013,1014
838,839,1297
825,1336,1337
42,110,273
679,680,1239
728,1203,1356
790,1267,1429
511,1063,1134
81,84,141
630,1136,1439
759,760,1232
210,217,956
757,758,1371
145,788,1241
612,1141,1143
168,739,1210
769,770,776
783,784,1444
654,1135,1156
883,1364,1472
635,1338,1339
688,689,1432
21,24,975
78,525,1148
8,236,967
509,1277,1280
838,1297,1491
206,1291,1293
299,300,1038
372,1014,1015
583,584,1099
202,912,1477
35,36,267
837,1295,1478
12,249,968
530,1073,1138
957,1501,1502
103,358,364
893,1377,1471
1212,1214,1342
198,201,875
666,1185,1186
493,1062,1072
188,804,1244
920,1424,1462
470,1101,1102
44,118,285
702,1201,1298
280,982,986
44,277,278
617,1421,1423
78,524,1070
668,1187,1387
955,1504,1505
322,323,326
693,694,1191
412,413,1052
647,648,1168
202,913,1408
381,382,438
43,274,979
821,1240,1333
206,834,1285
833,1288,1449
214,868,1481
153,194,197
693,1191,1192
54,292,323
300,310,311
478,1055,1056
549,1089,1095
110,111,172
1282,1283,1403
532,1075,1076
731,732,1211
423,471,472
269,284,980
703,704,1300
558,1161,1163
695,696,1190
98,156,341
531,1074,1136
186,767,778
862,1358,1485
416,1048,1049
596,597,1388
251,260,972
704,1208,1301
555,556,1088
411,1053,1054
523,1150,1152
925,926,1475
641,1175,1332
435,1042,1043
321,989,990
895,1368,1371
649,1325,1326
281,986,987
461,1122,1123
110,171,172
86,561,1095
619,1155,1425
936,962,1506
187,1192,1193
748,749,1369
674,1230,1405
397,398,1033
927,1433,1434
492,1073,1276
878,1349,1479
796,797,1415
508,1059,1064
880,881,1347
460,461,1123
475,659,1178
471,1100,1101
636,637,1165
166,874,875
175,195,890
549,1095,1262
709,1215,1217
29,32,260
532,1076,1128
222,957,1501
602,1121,1382
554,1088,1096
165,739,1212
931,932,1392
117,118,179
1287,1449,1450
100,155,1000
120,177,178
216,852,1320
183,659,1178
938,939,1495
886,1366,1468
807,1247,1308
837,838,1296
621,622,1429
718,1202,1311
672,1224,1399
225,227,938
923,1430,1460
517,1058,1151
282,983,987
70,147,148
185,695,1398
11,245,246
573,1081,1093
97,99,158
806,1244,1308
720,1196,1305
322,988,989
919,920,1467
558,1087,1161
168,739,1212
42,272,983
193,210,211
809,1270,1275
557,1159,1161
906,1394,1459
101,356,371
511,1134,1137
645,1329,1330
678,1236,1411
192,823,824
167,201,1454
371,372,1015
512,513,1059
856,1492,1493
823,1334,1335
803,804,1402
829,830,1246
276,976,977
208,931,1390
210,211,1506
281,983,986
39,40,268
125,133,398
556,557,1159
746,1221,1223
748,1225,1366
791,1272,1273
211,936,1506
646,1170,1172
189,1284,1292
585,587,588
644,645,1330
623,1150,1440
18,19,73
872,1345,1351
844,845,1303
845,1303,1307
713,1211,1323
636,1337,1338
841,1479,1484
687,1430,1431
1060,1145,1147
630,631,1133
803,1282,1403
353,354,374
373,1013,1014
916,917,1416
214,867,868
521,522,1154
540,1253,1256
751,1233,1362
534,1265,1270
574,1160,1162
572,573,1081
711,1216,1218
812,1257,1322
50,54,327
182,772,773
631,659,780
59,337,349
622,1150,1152
590,591,1112
204,205,1451
492,1062,1278
213,216,866
816,1327,1328
824,825,1336
935,1291,1293
213,866,867
12,30,968
152,196,197
89,386,1024
763,1224,1226
757,1238,1368
529,530,1138
137,796,1418
604,1380,1381
115,116,173
530,1073,1074
742,1204,1343
57,336,345
171,214,867
452,1186,1187
404,480,481
158,333,342
799,800,1410
675,1230,1232
208,1437,1438
678,679,1238
399,485,486
65,296,363
133,722,723
354,1007,1008
205,914,1409
637,1336,1337
606,1130,1132
426,427,1114
808,809,1314
398,399,486
931,935,1450
657,658,1130
617,1153,1423
688,1225,1431
391,1027,1028
679,1238,1239
622,1152,1429
374,1012,1013
719,1200,1306
664,1183,1384
361,362,367
171,172,1354
220,937,944
186,778,1291
900,1365,1473
202,203,1477
737,738,1342
813,1250,1324
614,1415,1418
416,417,1048
94,95,320
578,1104,1105
621,1154,1427
780,781,1395
270,977,978
247,248,257
378,1017,1018
69,146,147
880,1343,1490
807,1247,1310
521,619,1155
549,1089,1260
400,1031,1032
3,231,239
206,1285,1291
687,688,1225
27,28,81
863,864,1492
532,1075,1133
729,866,1355
788,1241,1440
841,842,1479
133,136,722
663,1183,1383
156,340,346
150,511,1134
203,897,898
428,429,1116
667,1386,1387
74,516,1149
390,391,412
732,1211,1354
1239,1416,1417
248,969,970
653,1158,1319
735,736,1351
252,972,973
46,109,282
177,758,1234
886,1460,1468
932,933,1393
49,323,327
942,1498,1499
322,323,988
50,53,291
684,1231,1233
156,157,201
803,804,1283
143,815,1327
874,1342,1350
205,914,1451
215,852,1321
803,1283,1402
870,1352,1494
92,305,306
727,1202,1346
543,544,1086
841,1299,1300
498,1069,1267
484,1049,1050
924,925,1468
783,1278,1444
272,273,979
947,948,959
363,368,369
116,263,264
541,542,1261
144,539,540
908,909,1470
200,843,1302
79,80,495
569,1079,1083
1091,1172,1174
52,315,988
917,1416,1466
25,236,240
62,63,141
816,817,1256
721,1194,1290
299,1037,1038
3,230,231
754,755,1377
481,482,1052
126,596,905
711,712,1216
183,779,1179
274,275,288
135,487,669
885,1366,1373
285,290,984
701,702,1298
7,25,238
209,217,937
1392,1449,1450
567,1090,1176
95,153,154
189,831,1284
693,694,1437
523,1069,1070
611,612,1141
84,538,539
149,1281,1282
812,1250,1257
610,611,1410
840,1298,1490
40,108,265
764,1372,1376
25,236,966
119,269,284
887,1361,1369
1210,1301,1302
716,717,1315
745,882,1198
189,805,1244
10,21,254
181,182,605
76,139,504
228,957,1501
866,1355,1482
862,1357,1358
588,589,1110
910,1401,1473
121,432,433
372,373,1014
786,1443,1446
822,823,1334
919,1420,1422
559,560,1165
565,1086,1177
648,649,1326
353,354,1007
609,1406,1407
98,341,996
768,769,777
747,748,1366
615,1147,1149
602,1120,1121
780,781,1263
793,1421,1423
26,83,84
200,1301,1454
727,1203,1356
908,1397,1464
798,1264,1269
898,899,1378
751,752,1362
523,524,1070
542,543,1090
610,1407,1410
25,28,238
735,1345,1351
712,1213,1318
792,1266,1272
595,1116,1117
489,1075,1263
198,199,1453
119,120,284
686,687,1430
737,1342,1350
309,1018,1019
90,1076,1128
141,538,539
829,1246,1341
532,1128,1133
356,357,1009
427,428,1115
676,1234,1409
666,1385,1386
453,454,1188
552,1087,1254
848,1487,1494
621,1427,1429
886,1369,1460
730,1207,1209
930,1455,1463
845,1307,1458
566,567,1176
193,822,823
639,1169,1171
692,693,1192
16,23,24
207,1478,1489
59,293,349
212,219,944
169,729,730
926,1472,1475
930,1436,1463
84,538,1078
663,664,1183
704,1206,1300
609,610,1407
746,747,1223
940,1496,1497
952,953,1502
167,876,1344
402,403,482
745,1198,1219
873,874,1350
708,1214,1307
15,29,972
44,118,278
489,1075,1076
733,1213,1216
1247,1282,1283
523,1070,1150
574,575,1160
70,71,1004
614,1147,1418
109,112,289
159,356,1015
314,1023,1024
596,597,1126
645,1172,1174
673,1226,1401
725,726,1357
715,1207,1209
229,234,965
6,17,234
90,297,314
70,145,148
790,791,1427
780,1245,1263
564,1173,1175
206,1293,1455
884,1373,1475
223,227,963
7,25,240
653,1156,1317
126,406,1025
277,278,976
295,369,1010
798,1412,1413
945,946,1499
643,1177,1331
211,212,219
79,495,526
764,765,1222
718,1203,1312
450,1184,1185
802,1281,1406
698,1191,1193
118,277,285
36,114,262
1058,1149,1151
480,481,1053
188,805,1447
79,525,526
645,1174,1330
551,1087,1254
556,557,1084
451,452,458
509,1077,1280
633,1159,1340
621,1152,1154
367,1011,1012
770,1391,1393
434,435,1043
389,1025,1026
48,112,274
87,563,1171
310,311,1020
733,734,1216
529,1073,1138
768,777,778
890,1462,1467
869,1353,1354
140,1418,1419
208,1437,1455
475,476,659
840,841,1484
126,1379,1452
275,287,288
207,1465,1469
719,1200,1202
869,1353,1488
727,1346,1356
857,1306,1493
686,1428,1430
192,193,1334
811,1265,1319
56,291,992
300,301,310
743,1199,1201
809,810,1270
148,495,1268
821,1332,1333
506,1060,1065
67,72,295
839,840,1490
627,1140,1444
32,251,260
498,1070,1241
864,865,1486
612,1143,1413
221,957,1495
622,1150,1440
37,116,266
706,707,1212
839,1297,1298
321,322,989
121,430,431
131,164,1289
130,1034,1178
71,296,1004
581,582,1101
73,76,504
760,761,1230
605,606,1400
203,898,1477
689,1221,1433
903,904,1375
165,738,1342
317,318,330
25,28,966
829,1340,1341
752,1233,1235
625,1146,1443
772,1389,1396
665,1184,1384
850,851,1323
679,1239,1416
75,516,517
132,476,659
35,36,262
714,1321,1323
749,1229,1361
480,1053,1054
572,1164,1166
94,153,991
463,464,1120
804,1400,1402
857,858,1305
692,693,1436
946,947,960
769,776,777
555,632,1157
54,55,137
797,1242,1264
855,1486,1492
826,1258,1260
610,1139,1410
909,1399,1470
432,474,1045
257,258,975
606,1400,1402
208,1390,1398
81,144,539
210,211,936
679,1414,1416
931,1390,1392
317,990,991
564,1092,1175
620,621,1427
159,162,370
785,1268,1446
94,153,320
485,486,1048
557,558,1087
924,1430,1431
159,371,1015
151,154,328
518,519,1066
424,470,471
385,441,442
671,1224,1399
786,787,1443
506,507,1065
83,571,572
411,412,1053
436,1041,1042
352,1005,1006
248,249,969
782,1439,1441
516,1147,1149
557,1087,1161
415,416,1049
364,365,1014
634,635,1161
656,1129,1132
106,167,168
281,282,987
130,443,1034
577,578,595
22,244,254
351,352,1005
15,255,972
637,638,1167
699,1295,1296
9,32,241
623,1148,1442
180,759,1232
944,945,1500
890,891,1374
612,613,1413
390,411,412
217,218,956
599,600,1385
593,1114,1115
9,13,241
744,1197,1199
83,1078,1166
737,738,1214
383,384,1023
197,922,1428
873,1351,1480
70,363,1004
48,112,289
113,114,175
698,1294,1295
425,426,1113
79,525,1146
792,1423,1425
113,174,175
816,817,1328
101,160,357
297,313,314
511,1077,1137
148,787,1442
870,1352,1353
766,1195,1379
879,1343,1348
881,1347,1491
706,1302,1303
107,108,165
11,16,246
906,1452,1459
677,1409,1411
500,1061,1272
104,159,371
748,1225,1227
42,110,283
199,844,1302
74,515,516
36,267,268
149,510,1063
23,246,258
882,1192,1193
656,1129,1308
6,233,965
515,1145,1147
41,119,284
150,576,1097
326,992,993
271,272,982
172,731,1354
155,158,350
65,66,70
1129,1135,1310
872,873,1351
840,841,1299
827,1338,1339
502,1249,1266
392,393,1029
520,1061,1067
316,989,990
218,956,1506
779,780,1245
902,903,1376
1247,1279,1282
126,596,1127
192,193,210
614,615,1147
82,570,1168
831,1284,1286
923,924,1460
65,70,296
182,605,1396
906,907,1459
860,1359,1360
401,483,484
903,1375,1459
226,949,1495
722,1194,1290
142,813,814
770,775,776
691,1434,1435
534,1082,1265
54,137,140
95,320,324
640,1171,1173
112,289,987
74,515,1147
781,782,1274
901,1365,1372
156,341,996
650,1164,1325
52,56,315
647,1327,1328
801,1280,1407
501,502,1067
515,1060,1145
762,1228,1367
700,701,1297
533,1080,1097
155,156,346
184,905,1388
20,237,966
659,779,780
202,912,1408
747,748,1225
308,309,1018
845,846,1307
675,1232,1408
747,1223,1225
202,205,913
720,721,1196
787,1442,1443
820,1252,1332
23,245,246
85,86,1095
732,1213,1353
530,531,1136
171,867,868
828,829,1340
684,1233,1424
303,304,1042
156,200,201
164,1117,1118
638,1335,1336
180,759,1234
490,491,1274
898,1378,1477
57,58,345
761,1230,1378
606,1132,1402
397,585,1098
723,1194,1359
807,1247,1279
279,280,985
105,108,167
489,490,1263
865,1356,1486
375,1011,1012
871,1487,1494
307,1016,1017
904,1379,1452
703,1204,1299
414,415,1050
712,1316,1318
925,1431,1468
43,111,273
315,316,989
712,1216,1316
723,724,1194
916,917,1466
579,1103,1104
196,888,889
884,1364,1472
873,1350,1351
388,409,410
544,1086,1255
69,70,147
395,1031,1032
299,300,311
153,320,991
745,882,883
79,525,1148
757,758,1236
672,673,1401
622,623,1150
864,865,1356
912,1405,1477
625,1144,1146
727,728,1203
99,158,342
921,1424,1426
193,823,1334
165,738,1212
443,444,1034
42,110,272
911,912,1405
154,194,195
89,90,1076
805,831,1284
28,235,965
899,900,1367
189,805,1292
316,317,331
317,330,331
652,653,1319
103,161,358
138,504,505
181,658,1292
833,1448,1449
638,1167,1336
31,32,85
41,278,976
481,1052,1053
1344,1349,1479
634,635,1339
656,1129,1310
223,224,225
891,1467,1474
639,1334,1335
72,145,146
194,197,922
215,222,223
498,499,1267
39,40,265
135,184,1189
326,327,992
21,259,975
427,1114,1115
28,238,966
359,364,365
376,1010,1011
805,1244,1304
660,779,1380
140,796,1418
710,1217,1218
169,729,1207
25,26,240
335,336,344
926,1433,1472
605,1130,1400
22,23,971
211,219,936
102,161,357
407,456,1127
520,521,1061
542,543,1259
928,1435,1465
575,576,1156
344,345,1002
799,1269,1412
825,1260,1262
17,74,75
202,912,913
939,1495,1496
641,1173,1175
817,1261,1329
90,532,1076
501,1067,1266
82,1079,1168
715,716,1207
525,1146,1148
426,1113,1114
814,1325,1326
891,892,1474
860,1359,1483
184,905,906
178,204,897
500,501,1272
150,511,1063
87,562,563
398,399,1033
334,335,343
91,555,632
958,959,1503
805,831,1447
180,760,1378
513,1064,1141
681,682,1420
742,1204,1206
522,523,1069
118,277,278
343,344,1001
98,156,340
687,1225,1227
200,1301,1302
672,1399,1401
697,1293,1294
150,1131,1134
915,1411,1414
318,319,991
121,431,432
855,856,1492
839,1297,1491
586,722,859
150,1063,1134
908,909,1399
6,17,966
793,1266,1423
598,599,1386
857,858,1485
550,551,1094
243,969,970
561,1167,1169
221,226,957
65,66,369
175,195,889
826,827,1338
912,913,1408
18,234,965
170,213,867
112,170,171
938,950,1495
2,230,964
30,87,88
917,1466,1471
640,641,1173
574,1093,1160
28,233,235
607,608,1131
1059,1139,1141
860,861,1483
762,1226,1365
910,911,1404
16,24,258
719,1306,1311
19,231,239
449,450,1184
215,216,852
741,742,1348
409,1055,1056
608,609,1134
42,283,983
87,563,1085
451,458,459
638,639,1169
832,1447,1448
610,1137,1139
77,80,496
558,1094,1163
196,197,1457
187,882,1193
594,595,1116
276,286,287
671,1397,1399
164,595,1117
651,1160,1162
437,438,1040
214,221,222
642,1175,1332
858,1290,1305
616,1149,1151
802,1403,1406
570,1168,1170
465,466,1106
675,1230,1405
469,470,1102
776,777,1287
605,1396,1400
610,611,1139
584,1098,1099
810,1270,1317
166,198,875
373,374,1013
51,52,56
723,724,1359
430,431,1118
460,1123,1124
476,659,1178
43,48,274
382,438,439
390,391,1027
556,1088,1157
668,1187,1388
62,143,144
63,64,141
302,303,1041
63,294,337
13,32,260
132,475,631
836,1295,1478
202,913,1409
552,1251,1254
174,888,1361
791,792,1425
521,1068,1154
1184,1384,1385
916,1414,1416
125,585,587
558,1087,1094
914,915,1411
915,916,1461
498,499,1069
111,274,979
279,980,984
665,666,1385
893,1370,1377
894,895,1461
347,348,1002
735,1217,1218
457,458,1126
18,229,234
97,99,333
68,351,1004
617,618,1153
73,138,504
744,881,1347
721,1196,1305
380,381,1020
720,1200,1306
215,216,223
90,297,1035
846,1307,1309
121,377,1016
780,1263,1395
514,1064,1065
918,919,1420
624,1146,1443
454,1188,1189
668,1187,1188
124,420,421
689,1223,1432
83,572,1166
870,1353,1488
184,669,1394
535,1082,1265
167,168,1344
724,725,1196
208,935,1455
832,1286,1288
640,1173,1333
246,247,971
67,351,376
550,1089,1260
45,120,980
413,414,1051
530,1074,1136
127,455,477
526,1144,1146
393,1029,1030
858,1483,1485
664,1183,1383
1129,1308,1310
66,69,70
810,1265,1270
383,384,440
837,1296,1489
658,1292,1304
189,1292,1304
925,1468,1475
14,259,975
756,1238,1368
1392,1393,1449
692,1192,1436
677,678,1236
654,655,1314
179,203,898
756,1368,1370
842,1301,1454
597,598,1387
9,31,250
216,852,1321
781,1395,1439
607,1131,1403
206,935,1285
705,706,1302
175,176,1362
162,203,204
186,696,1291
269,270,980
549,1260,1262
405,406,479
199,200,843
129,431,432
544,1092,1252
85,191,548
768,769,1392
738,739,1212
709,1309,1313
572,1078,1081
624,1146,1148
910,1401,1404
143,815,1326
530,531,1074
637,638,1336
214,221,224
325,326,993
555,556,1157
74,1147,1149
599,1123,1124
490,1075,1263
105,106,167
919,1420,1474
567,568,1091
914,1409,1411
592,593,1114
853,854,1482
281,983,987
904,1375,1379
306,387,1016
911,1476,1477
438,1039,1040
675,1405,1408
178,896,897
19,231,967
15,29,30
137,797,1242
104,370,371
57,62,294
351,1004,1005
847,1480,1487
1082,1158,1160
955,956,1505
406,478,479
614,1147,1415
803,1282,1283
142,814,1325
679,1238,1414
223,225,938
765,766,1220
750,1229,1231
600,601,1122
676,677,1409
55,315,988
195,196,889
682,683,1422
553,1084,1251
839,840,1298
328,329,995
13,241,251
336,998,999
901,1365,1473
113,116,174
784,785,1445
159,370,371
915,1414,1461
102,358,1009
81,82,1079
646,1172,1329
928,929,1435
802,1281,1282
880,1347,1491
566,1086,1177
714,715,1321
546,1085,1240
569,1170,1172
928,1434,1435
183,659,779
484,485,1049
934,1389,1391
799,800,1277
527,1142,1144
32,241,251
164,577,595
554,830,1246
453,1187,1188
741,1348,1349
911,912,1477
645,646,1329
76,139,503
800,801,1280
527,1072,1142
568,1083,1091
453,456,457
840,1484,1490
653,654,1156
85,548,1095
782,1274,1439
858,1290,1483
194,921,1426
706,1210,1212
625,1443,1446
333,334,996
682,683,1235
703,1299,1300
382,383,439
470,471,1101
863,864,1346
682,1237,1420
887,1369,1460
752,1362,1374
287,288,986
466,1105,1106
924,1460,1468
175,195,196
188,805,1244
626,627,1142
122,442,443
947,948,1497
812,813,1324
426,468,469
151,328,329
681,682,1237
784,785,1271
865,1355,1482
2,18,230
740,741,1349
73,76,138
805,1389,1447
755,756,1370
503,1066,1249
616,1419,1421
792,793,1266
429,430,1117
124,396,418
108,165,166
403,1028,1029
160,161,357
37,116,263
51,56,315
394,1030,1031
68,296,1004
820,821,1332
761,1228,1367
529,530,1073
700,1197,1296
524,1070,1150
46,109,283
842,1300,1301
63,294,999
187,882,1197
657,1304,1308
399,400,485
798,1269,1412
620,1154,1427
111,112,169
8,20,967
403,404,481
803,1283,1403
1183,1383,1384
381,1020,1021
863,1346,1492
535,1082,1093
388,389,1025
819,820,1331
649,650,1164
932,1393,1449
925,1432,1475
73,74,1060
491,1274,1276
125,163,859
939,940,1496
13,32,251
568,1083,1172
279,981,985
931,932,1450
738,1212,1342
849,1318,1488
14,21,975
771,774,775
817,1256,1328
495,526,1071
17,20,74
216,853,1482
541,1256,1261
764,1224,1372
510,1077,1280
801,1280,1281
622,623,1440
873,1458,1480
748,749,1227
344,1001,1002
598,599,1124
456,457,1127
830,1246,1341
613,614,1145
38,265,266
331,332,993
663,1382,1383
602,603,1382
16,246,258
136,488,1046
187,744,1197
650,651,1162
783,1276,1441
929,930,1463
192,193,823
725,1196,1358
114,115,173
641,642,1332
12,15,30
793,794,1421
704,705,1301
681,1417,1420
149,1275,1279
193,822,1240
187,1192,1198
909,1399,1401
828,1254,1339
312,313,1022
846,1309,1480
753,1235,1374
836,837,1478
221,226,950
49,54,292
863,1492,1493
637,1165,1337
275,276,287
230,231,964
67,295,1010
45,120,984
483,1050,1051
212,937,944
160,204,205
548,549,1262
524,525,1148
297,298,313
95,154,328
674,1228,1404
38,116,266
121,387,465
923,1428,1430
207,881,882
370,371,1015
18,229,964
296,363,1004
173,749,750
514,1065,1145
9,31,241
921,922,1426
591,592,1113
798,799,1412
6,965,966
892,1363,1474
920,1462,1467
949,957,1495
70,71,145
44,47,118
56,332,992
155,158,200
812,1322,1324
236,237,966
148,786,1443
832,1288,1448
903,1376,1464
656,657,1132
11,23,246
654,1156,1317
89,489,1076
101,159,371
531,1074,1075
29,30,87
183,779,780
21,24,259
360,361,1006
134,487,1057
99,158,350
771,772,1389
685,1229,1231
795,1418,1419
569,570,1170
424,425,470
335,997,998
97,157,333
302,303,308
801,1406,1407
427,467,468
883,884,1364
158,198,199
1391,1447,1448
855,856,1311
271,272,979
776,1287,1288
492,1276,1278
728,1205,1355
606,607,1402
423,1110,1111
818,819,1330
693,1192,1436
247,970,971
355,356,1009
792,1266,1423
534,1080,1082
752,753,1374
655,1135,1314
301,309,310
144,540,1253
336,344,345
674,1228,1230
379,1018,1019
596,905,1388
229,232,964
223,227,951
410,1054,1055
628,1441,1444
320,990,991
94,153,319
664,1184,1384
100,155,350
45,980,984
129,432,474
612,1412,1413
690,691,1219
736,1215,1217
378,379,1018
448,449,461
931,1392,1450
21,78,79
943,1499,1500
737,1214,1342
120,284,980
430,1117,1118
697,1190,1191
67,68,351
498,1069,1070
656,657,1308
788,1440,1442
639,1169,1335
181,773,1292
511,512,1137
856,1311,1492
507,1065,1264
517,518,1058
805,1284,1292
790,1273,1427
90,475,1034
749,1227,1369
311,312,1021
59,63,64
701,1297,1298
177,759,1234
208,1398,1438
655,656,1129
643,1176,1177
574,575,1082
156,340,996
561,1095,1167
927,1469,1472
537,538,1078
597,598,1125
140,795,1243
945,1499,1500
60,63,337
689,690,1433
541,1083,1256
564,1085,1092
122,464,1119
641,1173,1333
66,295,369
337,338,999
728,1203,1205
702,703,1299
103,370,1015
37,38,116
644,1174,1330
519,1153,1155
186,695,696
716,1315,1320
559,1089,1165
616,617,1421
946,947,1498
555,1088,1157
584,585,588
510,1063,1281
392,1028,1029
528,1072,1142
95,153,320
208,1438,1455
915,1411,1451
824,825,1262
2,18,234
275,977,978
213,214,867
903,1459,1464
446,1180,1181
642,1331,1332
207,881,1489
624,625,1146
880,1490,1491
953,1502,1503
533,1080,1270
110,272,273
286,984,985
85,88,547
320,321,324
725,726,1200
4,232,964
354,355,1008
569,1079,1170
691,1198,1219
665,1184,1385
616,1151,1421
753,1363,1374
563,564,1085
707,708,1307
793,794,1249
557,1084,1159
92,164,830
10,22,254
824,1335,1336
688,1223,1432
227,951,963
564,565,1175
664,665,1384
624,1148,1442
335,343,344
359,360,1007
499,1068,1273
187,1193,1197
537,1081,1250
56,315,332
711,712,1316
656,1132,1308
148,786,787
71,72,145
301,302,309
122,386,1119
691,692,1198
724,1194,1196
137,1415,1418
715,1207,1320
793,1249,1266
912,1405,1408
893,1466,1471
377,378,1017
92,306,387
609,1134,1406
194,921,922
124,473,1098
833,1287,1449
665,1184,1185
603,1381,1382
741,1208,1349
101,104,371
598,1386,1387
654,1314,1317
542,1090,1091
125,133,1360
143,815,1253
835,1293,1294
506,1060,1242
773,774,1284
123,454,455
664,665,1184
133,398,486
428,429,466
937,944,1500
508,509,1277
871,872,1487
694,1190,1438
718,719,1202
832,833,1288
761,762,1367
700,1296,1297
685,1426,1428
608,1131,1134
447,448,462
629,1138,1441
729,1205,1207
146,496,497
577,1105,1106
876,877,1344
384,385,1024
164,830,1289
798,799,1269
751,752,1233
800,801,1407
27,81,84
765,1375,1376
643,644,1331
507,1064,1269
188,1389,1396
142,143,1326
762,1226,1228
783,1441,1444
1129,1132,1308
317,318,991
647,648,1327
873,1350,1458
48,274,288
765,1222,1376
51,56,992
90,532,1128
145,148,1442
166,874,1342
565,1092,1175
507,508,1064
512,1137,1139
515,1060,1065
23,245,971
81,141,539
493,494,1271
825,1262,1336
158,199,200
478,479,1055
884,1472,1475
253,973,974
47,117,290
475,631,1128
676,1408,1409
578,579,594
505,506,1060
215,851,1481
91,305,1044
531,532,1133
122,385,386
705,1210,1301
630,1133,1395
92,164,577
533,1270,1275
126,407,1025
207,1456,1463
927,1433,1472
763,1365,1372
199,844,1303
181,182,773
168,739,740
9,31,32
189,805,1304
626,1445,1446
221,224,950
187,745,1198
53,56,291
836,837,1295
16,23,258
188,934,1447
543,1086,1255
489,490,1075
927,928,1434
241,242,251
58,61,293
799,1269,1277
300,301,1039
192,1334,1335
6,234,965
89,779,1380
738,1212,1214
933,1393,1449
530,1136,1138
636,637,1337
109,110,171
743,1201,1343
709,710,1217
494,1071,1268
134,1195,1379
910,1473,1476
57,336,999
149,150,1097
355,1008,1009
1082,1093,1160
582,583,1100
684,685,1231
166,167,875
44,47,285
207,882,883
525,526,1146
612,1141,1412
843,844,1302
166,198,201
795,796,1418
455,477,1189
279,980,981
552,1084,1087
243,244,970
651,1160,1322
138,505,1242
519,1066,1067
766,1375,1379
212,937,1500
528,1062,1140
185,186,767
702,1201,1204
720,721,1305
502,1066,1067
92,554,830
339,997,998
797,798,1413
685,686,1428
431,432,474
215,851,852
275,276,977
694,1437,1438
676,1232,1234
151,328,995
619,1154,1427
876,877,1454
699,700,1197
22,77,80
457,1126,1127
118,177,180
784,1271,1278
63,337,999
166,201,875
6,17,965
754,1363,1377
879,1484,1490
405,406,1026
159,160,356
932,1392,1393
751,1231,1233
316,317,990
919,1467,1474
767,768,778
567,1090,1091
169,170,866
117,118,285
703,704,1206
492,493,1062
467,1104,1105
583,584,589
693,1436,1437
170,213,866
719,720,1200
187,744,882
929,1435,1465
147,495,496
809,1314,1317
184,905,1189
818,1261,1329
216,866,1482
133,486,1047
1288,1448,1449
763,1224,1372
680,681,1239
845,846,1458
269,270,977
419,488,1046
627,1142,1445
808,1275,1314
390,1026,1027
47,285,290
899,900,1476
682,1235,1422
766,1220,1375
611,1410,1412
565,1086,1092
206,835,1293
187,882,1192
120,980,984
619,620,1427
639,640,1171
173,749,1361
73,504,505
782,1276,1441
123,408,409
670,1222,1397
391,412,413
569,1083,1172
805,1244,1400
17,234,965
646,1328,1329
10,22,245
249,255,256
642,643,1177
826,827,1258
207,1456,1478
690,1219,1221
556,1084,1159
67,376,1010
358,359,1008
899,1378,1477
19,231,964
631,1128,1133
167,201,876
1,27,235
422,423,472
132,631,659
764,1222,1224
2,18,964
179,898,1378
113,116,266
636,1165,1337
166,198,874
180,760,1232
1187,1387,1388
865,866,1355
165,168,739
946,960,961
150,1097,1135
102,161,358
877,1454,1479
722,859,1290
553,1088,1246
673,1228,1404
197,923,1428
809,810,1317
748,1227,1369
119,278,976
221,226,1495
842,843,1301
244,253,254
121,430,465
206,1285,1450
472,473,1099
762,763,1365
915,1451,1461
169,1207,1209
47,117,118
745,746,1364
79,526,1146
536,1250,1257
21,24,78
197,922,923
763,1226,1365
134,478,1056
89,489,1245
603,1119,1120
427,428,467
907,1459,1464
49,50,327
618,1423,1425
298,1036,1037
352,353,375
925,1431,1432
192,823,1335
446,447,463
54,55,292
821,822,1240
24,258,259
847,848,1313
75,517,1058
450,451,459
84,538,1248
105,108,265
813,1248,1250
118,119,177
333,341,996
678,1236,1238
137,1242,1415
543,1090,1259
10,14,21
137,797,1415
10,244,254
429,465,466
553,554,1246
692,1435,1436
100,155,156
103,162,1015
135,184,669
545,1092,1252
633,1340,1341
399,400,1032
155,158,1000
441,1036,1037
379,435,436
549,550,1260
861,1483,1485
502,1067,1266
403,404,1028
422,1109,1110
565,1175,1177
802,803,1282
305,1043,1044
19,230,231
34,106,261
179,203,897
626,1142,1144
650,1162,1324
270,980,981
73,138,1242
761,1228,1230
802,803,1403
946,1498,1499
840,1298,1299
512,513,1141
53,54,139
352,353,1006
744,1199,1347
834,1285,1287
16,24,259
173,749,1229
515,516,1147
119,284,980
522,1068,1154
30,250,968
385,386,1024
754,1237,1363
85,191,547
934,1447,1448
172,730,731
511,512,1077
829,830,1341
61,293,1003
68,71,1004
412,1052,1053
42,272,273
74,516,1147
638,1169,1335
566,1090,1176
111,112,274
190,191,547
560,561,1095
752,753,1235
141,538,1248
570,571,1168
142,813,1248
699,1193,1295
1244,1247,1308
918,919,1474
280,281,986
338,348,349
755,1370,1377
308,1017,1018
671,1222,1224
97,157,341
2,229,234
882,1192,1198
661,1181,1381
128,419,420
82,83,571
550,551,1258
485,1048,1049
18,75,76
862,863,1493
932,1392,1450
720,1196,1200
389,410,411
552,553,1251
629,1439,1441
109,110,283
124,396,1033
69,70,71
189,1244,1304
418,1046,1047
849,1316,1318
657,658,1304
442,1035,1036
942,954,955
652,1158,1160
174,888,1457
881,882,1489
388,407,1025
208,931,935
127,477,1057
727,728,1356
463,1120,1121
571,1166,1168
158,333,1000
947,1497,1498
361,366,367
695,1398,1438
529,1138,1140
241,242,968
383,1022,1023
536,537,1081
677,678,1411
103,364,1015
682,1235,1237
7,25,236
445,446,1180
27,229,232
678,1411,1414
726,1346,1357
575,1156,1158
788,789,1440
680,681,1417
809,1270,1317
324,994,995
668,1188,1388
541,1091,1261
701,1199,1297
919,1422,1467
224,938,950
242,251,252
625,1144,1446
827,1254,1258
746,1219,1364
728,729,1355
899,1476,1477
818,819,1259
73,138,505
227,938,951
348,1002,1003
1283,1400,1402
721,1194,1196
718,1311,1312
806,807,1308
406,1025,1026
844,845,1453
696,1190,1293
199,843,844
545,546,1240
157,198,201
80,147,496
362,363,1004
22,23,77
87,562,1171
535,536,1093
1183,1184,1384
720,1305,1306
685,1229,1428
575,576,1080
174,196,1457
589,590,1111
581,591,592
818,1259,1261
871,1345,1487
128,419,488
703,1206,1300
74,515,1060
292,323,988
917,918,1471
38,116,263
849,1316,1494
135,477,1189
902,1372,1470
45,120,284
676,677,1234
304,1042,1043
518,1058,1151
206,834,1450
888,1361,1457
893,894,1370
706,707,1303
458,459,1125
34,106,263
2,18,229
107,108,267
28,233,238
735,736,1217
609,610,1137
748,1366,1369
618,1155,1425
983,986,987
740,1208,1349
661,662,1381
189,805,1284
935,1285,1291
396,1032,1033
615,616,1419
861,862,1358
297,298,1036
214,215,1481
863,1346,1357
613,1413,1415
811,1257,1265
105,106,263
119,120,177
587,1108,1109
247,248,970
175,890,1362
509,1059,1277
625,626,1144
681,1237,1420
213,216,224
165,1212,1342
41,119,278
244,970,971
725,1200,1357
41,269,976
600,1384,1385
664,1183,1184
323,326,327
807,808,1279
827,828,1339
467,468,1104
100,346,1000
982,985,986
619,1425,1427
660,661,1380
913,914,1409
193,211,212
827,1254,1339
855,1311,1312
887,888,1457
26,27,84
941,953,954
678,679,1414
559,1089,1094
15,29,260
224,225,950
500,1272,1273
134,766,1195
885,1366,1468
523,1069,1152
379,380,436
828,1339,1340
661,662,1181
878,1479,1484
142,814,1326
410,411,1054
537,1248,1250
929,1463,1465
339,347,348
800,1277,1410
490,1263,1274
885,886,1366
149,533,1097
322,325,326
688,689,1223
155,346,1000
175,196,889
282,289,987
652,1319,1322
820,821,1252
715,716,1320
124,397,1098
537,1078,1081
486,1047,1048
509,1059,1077
348,349,1003
171,868,1354
473,1098,1099
869,1354,1481
648,649,1166
677,1236,1411
694,1190,1191
381,382,1021
638,639,1335
256,257,974
660,661,1180
279,984,985
635,1161,1163
123,408,455
141,142,1248
181,605,658
231,239,967
505,506,1242
183,659,780
199,1302,1303
839,1490,1491
791,1272,1425
281,282,983
110,283,983
820,1255,1331
19,20,73
185,767,1398
732,733,1353
184,668,1388
621,622,1152
708,1307,1309
879,880,1490
632,633,1157
346,1000,1001
545,1085,1240
810,811,1319
708,709,1309
817,1256,1261
741,742,1206
69,72,295
605,606,1130
835,836,1294
31,85,88
280,981,985
159,356,371
913,1408,1409
789,1429,1440
611,612,1412
916,1414,1461
47,117,285
356,371,1015
924,925,1431
673,1401,1404
10,244,971
119,120,984
18,19,964
930,1436,1437
644,645,1174
752,1235,1374
11,23,245
575,1082,1158
565,566,1086
19,964,967
651,1322,1324
37,116,264
684,685,1426
635,1161,1339
934,1389,1447
46,282,283
72,295,1010
1247,1308,1310
891,1363,1374
187,882,1198
815,816,1327
444,445,1179
923,924,1430
845,1453,1458
123,407,456
886,887,1369
502,1066,1249
136,586,722
509,510,1077
35,107,261
222,228,957
21,254,975
560,1095,1167
28,233,966
873,874,1458
743,1204,1343
623,624,1442
731,1209,1211
580,581,1102
23,24,258
178,896,1371
690,691,1434
155,350,1000
157,158,333
1455,1456,1463
862,1485,1493
959,960,1504
330,994,995
500,1061,1068
921,1424,1462
270,271,981
865,866,1482
339,340,347
499,500,1068
746,1219,1221
183,660,779
542,1259,1261
861,1358,1485
112,274,288
796,1415,1418
245,246,971
760,761,1378
110,111,273
38,105,265
826,1337,1338
148,786,1268
892,893,1471
612,613,1143
704,1206,1208
221,950,1495
1437,1438,1455
513,1059,1141
315,988,989
52,55,315
531,532,1075
491,1073,1074
125,397,585
81,84,539
409,410,1055
891,1374,1467
150,576,1135
791,1425,1427
562,563,1171
811,1257,1322
708,1214,1215
890,891,1467
121,387,1016
97,157,158
746,747,1373
811,812,1322
797,1413,1415
137,140,1418
119,980,984
146,497,1241
402,1029,1030
458,1125,1126
674,675,1230
188,934,1389
560,561,1167
113,114,268
98,340,346
202,1408,1409
62,63,64
188,804,1400
903,1375,1376
7,25,966
438,439,1039
7,238,966
279,280,981
581,582,591
880,1343,1347
535,1093,1257
756,1238,1239
542,1091,1261
466,467,1105
956,1505,1506
849,850,1318
450,459,460
920,921,1424
126,904,1452
556,1157,1159
184,1188,1388
1244,1283,1400
755,756,1239
731,732,1354
18,229,965
69,71,72
163,1107,1108
353,374,375
534,1080,1270
170,866,867
125,859,860
48,112,987
526,1071,1144
850,1481,1488
149,533,1275
374,375,1012
501,1266,1272
125,397,398
158,342,1000
335,336,998
617,1151,1421
210,956,1506
672,1226,1401
388,389,410
282,283,983
130,444,1178
807,1279,1310
727,1202,1203
159,162,1015
576,1097,1135
784,1444,1445
134,1056,1057
801,802,1281
575,1082,1160
91,131,632
500,1068,1273
226,228,957
253,254,974
321,324,325
41,119,269
221,222,228
190,193,212
829,1251,1340
459,1124,1125
881,1489,1491
77,146,497
4,231,967
334,335,997
939,951,952
909,910,1401
92,577,1106
609,1134,1137
704,1300,1301
746,1364,1373
99,342,350
5,28,238
696,697,1190
281,982,983
886,1366,1369
805,1292,1304
96,151,329
791,792,1272
491,1073,1276
167,876,1454
395,416,417
140,795,1418
800,1277,1280
829,1246,1251
1204,1206,1348
297,1035,1036
813,814,1325
52,55,988
13,32,241
58,293,1003
57,294,999
870,871,1494
76,503,504
648,1166,1326
705,1208,1210
58,61,1003
712,713,1318
26,232,964
695,1190,1438
140,1243,1419
742,1343,1348
575,1080,1156
27,28,235
924,1431,1468
503,1058,1066
425,426,469
73,505,1060
1147,1415,1418
895,1368,1461
7,236,240
654,1135,1314
212,944,1500
213,214,224
25,238,966
382,1021,1022
175,889,890
527,528,1142
4,26,240
508,1064,1269
13,251,260
338,339,348
1201,1204,1343
982,983,986
556,1084,1088
850,1323,1481
819,820,1255
166,167,201
646,1170,1328
767,1390,1398
905,1188,1388
56,137,138
58,61,345
102,103,161
637,1167,1336
680,1239,1417
736,1350,1351
911,1404,1476
521,522,1068
7,236,966
898,899,1477
208,930,1455
765,766,1375
494,495,1268
95,324,995
895,896,1451
771,772,774
924,1430,1460
735,1218,1345
831,832,1286
855,1311,1492
506,1065,1264
895,1371,1451
505,1060,1242
513,514,1143
45,279,980
603,604,1381
566,1086,1090
432,433,1045
841,1300,1479
513,1059,1064
45,120,290
537,1078,1248
870,1488,1494
853,1315,1482
14,254,975
613,1143,1413
664,1383,1384
716,1207,1320
109,282,289
536,537,1250
451,452,1186
732,1211,1213
640,1171,1334
928,1434,1469
903,904,1459
636,1163,1165
51,291,992
747,1223,1373
540,1083,1256
199,1303,1453
252,253,973
834,1287,1449
413,1051,1052
332,992,993
207,1463,1465
700,1199,1297
127,408,455
666,1185,1386
548,1095,1262
84,141,1248
745,1219,1364
495,1071,1268
782,783,1276
89,314,1024
298,299,312
861,862,1485
37,263,264
89,779,1245
844,1303,1453
12,249,255
394,415,416
536,1081,1093
42,110,983
513,514,1064
686,1227,1229
251,252,972
914,1411,1451
67,72,1010
98,156,996
669,670,1220
1,27,232
442,443,1035
669,1220,1394
490,1074,1274
929,1436,1463
579,580,1103
106,107,168
312,1021,1022
443,1034,1035
362,363,368
315,316,332
933,1393,1448
48,289,987
665,1185,1385
23,246,971
351,352,376
568,569,1172
623,1148,1150
810,1265,1319
812,813,1250
347,1001,1002
652,1160,1322
4,964,967
142,1325,1326
901,1372,1470
948,1496,1497
909,1470,1473
393,414,415
529,1062,1140
151,154,196
902,1464,1470
819,1255,1331
687,1227,1430
209,210,217
358,1008,1009
887,1361,1457
877,1344,1479
18,230,964
959,1503,1504
713,1211,1213
895,1451,1461
206,935,1455
414,1050,1051
558,559,1163
452,457,458
408,409,1056
174,888,889
710,711,1316
149,1063,1281
747,1225,1366
424,1111,1112
635,636,1163
123,454,456
718,719,1311
874,1453,1458
277,285,286
276,277,976
631,1133,1395
826,1260,1337
758,1236,1371
274,978,979
330,331,994
698,699,1193
228,963,1501
208,935,1438
935,1293,1455
508,1059,1277
804,1244,1283
743,744,1347
543,544,1255
801,1281,1406
858,859,1483
794,1243,1249
1191,1192,1193
709,1215,1309
790,1427,1429
726,727,1346
97,158,333
820,1331,1332
380,1019,1020
83,571,1166
578,594,595
149,1279,1282
131,632,1289
101,104,159
876,1344,1454
854,1315,1482
499,1267,1273
614,615,1418
400,401,484
800,1407,1410
61,64,293
161,202,205
877,878,1479
256,973,974
835,1294,1455
918,1471,1474
188,1396,1400
126,134,478
17,18,75
683,1235,1422
1187,1188,1388
300,1038,1039
66,69,295
740,1208,1210
521,1061,1068
135,477,487
219,220,944
775,1286,1288
70,296,363
492,1062,1073
359,1007,1008
799,1277,1410
819,1330,1331
174,196,889
184,905,1188
661,1180,1181
764,765,1376
540,541,1083
174,1361,1457
255,972,973
740,1208,1344
198,874,1453
172,731,1209
721,722,1194
512,1059,1139
1186,1187,1387
79,1146,1148
702,1298,1299
705,1210,1302
490,491,1074
149,510,1281
215,216,1321
899,1367,1476
16,23,246
194,921,1462
544,545,1092
839,1298,1490
76,503,1058
801,802,1406
621,1152,1429
680,1416,1417
143,814,1326
93,152,319
46,282,289
660,1179,1180
710,1217,1313
10,22,244
303,307,308
901,902,1470
824,1262,1336
718,1202,1203
