2.518300,-9.825489,52.750000
-2.518300,-9.825489,52.750000
-1.561795,-9.375536,57.250000
1.561795,-9.375536,57.250000
2.518300,-14.325489,52.750000
-2.518300,-14.325489,52.750000
1.561795,-13.875536,57.250000
-1.561795,-13.875536,57.250000
7.832213,-12.325228,27.750000
-7.832213,-12.325228,27.750000
-6.875709,-11.875275,32.250000
6.875709,-11.875275,32.250000
7.832213,-16.825228,27.750000
-7.832213,-16.825228,27.750000
6.875709,-16.375275,32.250000
-6.875709,-16.375275,32.250000
-2.305743,-13.225499,53.750000
-2.305743,-10.725499,53.750000
-1.774352,-10.475526,56.250000
-1.774352,-12.975526,56.250000
-7.619657,-15.725238,28.750000
-7.619657,-13.225238,28.750000
-7.088265,-12.975264,31.250000
-7.088265,-15.475264,31.250000
1.774352,-12.975526,56.250000
1.774352,-10.475526,56.250000
2.305743,-10.725499,53.750000
2.305743,-13.225499,53.750000
7.088265,-15.475264,31.250000
7.088265,-12.975264,31.250000
7.619657,-13.225238,28.750000
7.619657,-15.725238,28.750000
-1.561795,13.875536,57.250000
1.561795,13.875536,57.250000
2.518300,14.325489,52.750000
-2.518300,14.325489,52.750000
-1.561795,9.375536,57.250000
1.561795,9.375536,57.250000
-2.518300,9.825489,52.750000
2.518300,9.825489,52.750000
-6.875709,16.375275,32.250000
6.875709,16.375275,32.250000
7.832213,16.825228,27.750000
-7.832213,16.825228,27.750000
-6.875709,11.875275,32.250000
6.875709,11.875275,32.250000
-7.832213,12.325228,27.750000
7.832213,12.325228,27.750000
-9.062981,-7.815516,52.750000
-4.562981,-7.815516,52.750000
-3.606476,-7.365563,57.250000
-8.106476,-7.365563,57.250000
-5.350424,-7.715526,53.750000
-7.850424,-7.715526,53.750000
-7.319033,-7.465552,56.250000
-4.819033,-7.465552,56.250000
4.562981,-7.815516,52.750000
9.062981,-7.815516,52.750000
8.106476,-7.365563,57.250000
3.606476,-7.365563,57.250000
7.850424,-7.715526,53.750000
5.350424,-7.715526,53.750000
4.819033,-7.465552,56.250000
7.319033,-7.465552,56.250000
-14.376895,-10.315254,27.750000
-9.876895,-10.315254,27.750000
-8.920390,-9.865301,32.250000
-13.420390,-9.865301,32.250000
-10.664338,-10.215265,28.750000
-13.164338,-10.215265,28.750000
-12.632947,-9.965291,31.250000
-10.132947,-9.965291,31.250000
-3.819033,-10.475526,56.250000
-3.819033,-12.975526,56.250000
-4.350424,-13.225499,53.750000
-4.350424,-10.725499,53.750000
-9.132947,-12.975264,31.250000
-9.132947,-15.475264,31.250000
-9.664338,-15.725238,28.750000
-9.664338,-13.225238,28.750000
4.350424,-10.725499,53.750000
4.350424,-13.225499,53.750000
3.819033,-12.975526,56.250000
3.819033,-10.475526,56.250000
9.664338,-13.225238,28.750000
9.664338,-15.725238,28.750000
9.132947,-15.475264,31.250000
9.132947,-12.975264,31.250000
-14.500000,-14.500000,6.000000
-14.500000,-19.000000,6.000000
14.500000,-19.000000,6.000000
14.500000,-14.500000,6.000000
-8.106476,7.365563,57.250000
-9.062981,7.815516,52.750000
-4.562981,7.815516,52.750000
-3.606476,7.365563,57.250000
4.562981,7.815516,52.750000
3.606476,7.365563,57.250000
9.062981,7.815516,52.750000
8.106476,7.365563,57.250000
-13.420390,9.865301,32.250000
-14.376895,10.315254,27.750000
-9.876895,10.315254,27.750000
-8.920390,9.865301,32.250000
1.774352,10.475526,56.250000
1.774352,12.975526,56.250000
2.305743,13.225499,53.750000
2.305743,10.725499,53.750000
7.088265,12.975264,31.250000
7.088265,15.475264,31.250000
7.619657,15.725238,28.750000
7.619657,13.225238,28.750000
-2.305743,10.725499,53.750000
-2.305743,13.225499,53.750000
-1.774352,12.975526,56.250000
-1.774352,10.475526,56.250000
-7.619657,13.225238,28.750000
-7.619657,15.725238,28.750000
-7.088265,15.475264,31.250000
-7.088265,12.975264,31.250000
14.500000,-14.500000,0.000000
-14.500000,-14.500000,0.000000
-14.500000,14.500000,0.000000
14.500000,14.500000,0.000000
14.500000,14.500000,6.000000
-14.500000,14.500000,6.000000
-19.000000,19.000000,0.000000
19.000000,19.000000,0.000000
19.000000,-19.000000,0.000000
-19.000000,-19.000000,0.000000
19.000000,-19.000000,6.000000
-19.000000,-19.000000,6.000000
14.500000,19.000000,6.000000
-14.500000,19.000000,6.000000
-19.000000,19.000000,6.000000
19.000000,19.000000,6.000000
-7.319033,-9.475526,56.250000
-4.819033,-9.475526,56.250000
-5.350424,-9.725499,53.750000
-7.850424,-9.725499,53.750000
4.819033,-9.475526,56.250000
7.319033,-9.475526,56.250000
7.850424,-9.725499,53.750000
5.350424,-9.725499,53.750000
-12.632947,-11.975264,31.250000
-10.132947,-11.975264,31.250000
-10.664338,-12.225238,28.750000
-13.164338,-12.225238,28.750000
0.000000,-7.678999,74.217140
0.000000,-12.179000,74.217140
-4.819033,7.465552,56.250000
-7.319033,7.465552,56.250000
-7.850424,7.715526,53.750000
-5.350424,7.715526,53.750000
7.319033,7.465552,56.250000
4.819033,7.465552,56.250000
5.350424,7.715526,53.750000
7.850424,7.715526,53.750000
-10.132947,9.965291,31.250000
-12.632947,9.965291,31.250000
-13.164338,10.215265,28.750000
-10.664338,10.215265,28.750000
19.000000,14.500000,6.000000
19.000000,-14.500000,6.000000
4.350424,13.225499,53.750000
4.350424,10.725499,53.750000
3.819033,10.475526,56.250000
3.819033,12.975526,56.250000
9.664338,15.725238,28.750000
9.664338,13.225238,28.750000
9.132947,12.975264,31.250000
9.132947,15.475264,31.250000
-3.819033,12.975526,56.250000
-3.819033,10.475526,56.250000
-4.350424,10.725499,53.750000
-4.350424,13.225499,53.750000
-9.132947,15.475264,31.250000
-9.132947,12.975264,31.250000
-9.664338,13.225238,28.750000
-9.664338,15.725238,28.750000
1.532102,-10.782859,88.180000
-1.532102,-10.782859,88.180000
-19.000000,-14.500000,6.000000
-19.000000,14.500000,6.000000
-1.532102,10.782859,88.180000
1.532102,10.782859,88.180000
0.000000,12.179000,74.217140
-2.594885,-6.782807,83.180000
2.594885,-6.782807,83.180000
10.132947,-11.975264,31.250000
10.664338,-12.225238,28.750000
13.164338,-12.225238,28.750000
12.632947,-11.975264,31.250000
-7.850424,9.725499,53.750000
-5.350424,9.725499,53.750000
-4.819033,9.475526,56.250000
-7.319033,9.475526,56.250000
5.350424,9.725499,53.750000
7.850424,9.725499,53.750000
7.319033,9.475526,56.250000
4.819033,9.475526,56.250000
-13.164338,12.225238,28.750000
-10.664338,12.225238,28.750000
-10.132947,11.975264,31.250000
-12.632947,11.975264,31.250000
2.594885,6.782807,83.180000
0.000000,7.678999,74.217140
-2.594885,6.782807,83.180000
10.664338,-10.215265,28.750000
13.164338,-10.215265,28.750000
12.632947,-9.965291,31.250000
10.132947,-9.965291,31.250000
10.664338,12.225238,28.750000
10.132947,11.975264,31.250000
12.632947,11.975264,31.250000
13.164338,12.225238,28.750000
9.876895,-10.315254,27.750000
14.376895,-10.315254,27.750000
13.420390,-9.865301,32.250000
8.920390,-9.865301,32.250000
10.132947,9.965291,31.250000
12.632947,9.965291,31.250000
13.164338,10.215265,28.750000
10.664338,10.215265,28.750000
9.876895,10.315254,27.750000
8.920390,9.865301,32.250000
14.376895,10.315254,27.750000
13.420390,9.865301,32.250000
0.000000,-9.825489,52.750000
-2.040047,-9.600513,55.000000
0.000000,-9.375536,57.250000
2.040047,-9.600513,55.000000
0.000000,-14.325489,52.750000
-2.518300,-12.075489,52.750000
2.518300,-12.075489,52.750000
0.000000,-13.875536,57.250000
-2.040047,-14.100513,55.000000
2.040047,-14.100513,55.000000
-1.561795,-11.625536,57.250000
1.561795,-11.625536,57.250000
4.699328,-12.325228,27.750000
1.566443,-12.325228,27.750000
-1.566443,-12.325228,27.750000
-4.699328,-12.325228,27.750000
-7.353961,-12.100251,30.000000
-4.125425,-11.875275,32.250000
-1.375142,-11.875275,32.250000
1.375142,-11.875275,32.250000
4.125425,-11.875275,32.250000
7.353961,-12.100251,30.000000
4.699328,-16.825228,27.750000
1.566443,-16.825228,27.750000
-1.566443,-16.825228,27.750000
-4.699328,-16.825228,27.750000
4.125425,-16.375275,32.250000
1.375142,-16.375275,32.250000
-1.375142,-16.375275,32.250000
-4.125425,-16.375275,32.250000
-7.353961,-16.600250,30.000000
7.353961,-16.600250,30.000000
2.040047,14.100513,55.000000
-2.040047,14.100513,55.000000
1.561795,11.625536,57.250000
-1.561795,11.625536,57.250000
2.040047,9.600513,55.000000
-2.040047,9.600513,55.000000
2.518300,12.075489,52.750000
-2.518300,12.075489,52.750000
-4.125425,16.375275,32.250000
-1.375142,16.375275,32.250000
1.375142,16.375275,32.250000
4.125425,16.375275,32.250000
7.353961,16.600250,30.000000
4.699328,16.825228,27.750000
1.566443,16.825228,27.750000
-1.566443,16.825228,27.750000
-4.699328,16.825228,27.750000
-7.353961,16.600250,30.000000
-4.125425,11.875275,32.250000
-1.375142,11.875275,32.250000
1.375142,11.875275,32.250000
4.125425,11.875275,32.250000
6.875709,14.125275,32.250000
-6.875709,14.125275,32.250000
-4.699328,12.325228,27.750000
-1.566443,12.325228,27.750000
1.566443,12.325228,27.750000
4.699328,12.325228,27.750000
7.353961,12.100251,30.000000
-7.353961,12.100251,30.000000
-4.084728,-7.590539,55.000000
-8.584728,-7.590539,55.000000
8.584728,-7.590539,55.000000
4.084728,-7.590539,55.000000
-9.398643,-10.090278,30.000000
-13.898642,-10.090278,30.000000
-11.600000,-19.000000,6.000000
-8.700000,-19.000000,6.000000
-5.800000,-19.000000,6.000000
-2.900000,-19.000000,6.000000
0.000000,-19.000000,6.000000
2.900000,-19.000000,6.000000
5.800000,-19.000000,6.000000
8.700000,-19.000000,6.000000
11.600000,-19.000000,6.000000
11.600000,-14.500000,6.000000
8.700000,-14.500000,6.000000
5.800000,-14.500000,6.000000
2.900000,-14.500000,6.000000
0.000000,-14.500000,6.000000
-2.900000,-14.500000,6.000000
-5.800000,-14.500000,6.000000
-8.700000,-14.500000,6.000000
-11.600000,-14.500000,6.000000
-8.106476,-4.419338,57.250000
-8.106476,-1.473113,57.250000
-8.106476,1.473113,57.250000
-8.106476,4.419338,57.250000
-8.584728,7.590539,55.000000
-9.062981,4.689310,52.750000
-9.062981,1.563103,52.750000
-9.062981,-1.563103,52.750000
-9.062981,-4.689310,52.750000
-4.562981,4.689310,52.750000
-4.562981,1.563103,52.750000
-4.562981,-1.563103,52.750000
-4.562981,-4.689310,52.750000
-4.084728,7.590539,55.000000
-3.606476,4.419338,57.250000
-3.606476,1.473113,57.250000
-3.606476,-1.473113,57.250000
-3.606476,-4.419338,57.250000
4.562981,4.689310,52.750000
4.562981,1.563103,52.750000
4.562981,-1.563103,52.750000
4.562981,-4.689310,52.750000
3.606476,-4.419338,57.250000
3.606476,-1.473113,57.250000
3.606476,1.473113,57.250000
3.606476,4.419338,57.250000
4.084728,7.590539,55.000000
9.062981,4.689310,52.750000
9.062981,1.563103,52.750000
9.062981,-1.563103,52.750000
9.062981,-4.689310,52.750000
8.106476,4.419338,57.250000
8.106476,1.473113,57.250000
8.106476,-1.473113,57.250000
8.106476,-4.419338,57.250000
8.584728,7.590539,55.000000
-13.420390,-7.046644,32.250000
-13.420390,-4.227986,32.250000
-13.420390,-1.409329,32.250000
-13.420390,1.409329,32.250000
-13.420390,4.227986,32.250000
-13.420390,7.046644,32.250000
-13.898642,10.090278,30.000000
-14.376895,7.368039,27.750000
-14.376895,4.420823,27.750000
-14.376895,1.473608,27.750000
-14.376895,-1.473608,27.750000
-14.376895,-4.420823,27.750000
-14.376895,-7.368039,27.750000
-9.876895,7.368039,27.750000
-9.876895,4.420823,27.750000
-9.876895,1.473608,27.750000
-9.876895,-1.473608,27.750000
-9.876895,-4.420823,27.750000
-9.876895,-7.368039,27.750000
-9.398643,10.090278,30.000000
-8.920390,7.046644,32.250000
-8.920390,4.227986,32.250000
-8.920390,1.409329,32.250000
-8.920390,-1.409329,32.250000
-8.920390,-4.227986,32.250000
-8.920390,-7.046644,32.250000
11.600000,-14.500000,0.000000
8.700000,-14.500000,0.000000
5.800000,-14.500000,0.000000
2.900000,-14.500000,0.000000
0.000000,-14.500000,0.000000
-2.900000,-14.500000,0.000000
-5.800000,-14.500000,0.000000
-8.700000,-14.500000,0.000000
-11.600000,-14.500000,0.000000
-14.500000,-14.500000,3.000000
14.500000,-14.500000,3.000000
-11.600000,14.500000,0.000000
-8.700000,14.500000,0.000000
-5.800000,14.500000,0.000000
-2.900000,14.500000,0.000000
0.000000,14.500000,0.000000
2.900000,14.500000,0.000000
5.800000,14.500000,0.000000
8.700000,14.500000,0.000000
11.600000,14.500000,0.000000
14.500000,14.500000,3.000000
11.600000,14.500000,6.000000
8.700000,14.500000,6.000000
5.800000,14.500000,6.000000
2.900000,14.500000,6.000000
0.000000,14.500000,6.000000
-2.900000,14.500000,6.000000
-5.800000,14.500000,6.000000
-8.700000,14.500000,6.000000
-11.600000,14.500000,6.000000
-14.500000,14.500000,3.000000
-16.076923,19.000000,0.000000
-13.153846,19.000000,0.000000
-10.230769,19.000000,0.000000
-7.307693,19.000000,0.000000
-4.384615,19.000000,0.000000
-1.461538,19.000000,0.000000
1.461538,19.000000,0.000000
4.384615,19.000000,0.000000
7.307693,19.000000,0.000000
10.230769,19.000000,0.000000
13.153846,19.000000,0.000000
16.076923,19.000000,0.000000
19.000000,16.076923,0.000000
19.000000,13.153846,0.000000
19.000000,10.230769,0.000000
19.000000,7.307693,0.000000
19.000000,4.384615,0.000000
19.000000,1.461538,0.000000
19.000000,-1.461538,0.000000
19.000000,-4.384615,0.000000
19.000000,-7.307693,0.000000
19.000000,-10.230769,0.000000
19.000000,-13.153846,0.000000
19.000000,-16.076923,0.000000
16.076923,-19.000000,0.000000
13.153846,-19.000000,0.000000
10.230769,-19.000000,0.000000
7.307693,-19.000000,0.000000
4.384615,-19.000000,0.000000
1.461538,-19.000000,0.000000
-1.461538,-19.000000,0.000000
-4.384615,-19.000000,0.000000
-7.307693,-19.000000,0.000000
-10.230769,-19.000000,0.000000
-13.153846,-19.000000,0.000000
-16.076923,-19.000000,0.000000
-19.000000,-16.076923,0.000000
-19.000000,-13.153846,0.000000
-19.000000,-10.230769,0.000000
-19.000000,-7.307693,0.000000
-19.000000,-4.384615,0.000000
-19.000000,-1.461538,0.000000
-19.000000,1.461538,0.000000
-19.000000,4.384615,0.000000
-19.000000,7.307693,0.000000
-19.000000,10.230769,0.000000
-19.000000,13.153846,0.000000
-19.000000,16.076923,0.000000
-14.500000,11.600000,0.000000
-14.500000,8.700000,0.000000
-14.500000,5.800000,0.000000
-14.500000,2.900000,0.000000
-14.500000,0.000000,0.000000
-14.500000,-2.900000,0.000000
-14.500000,-5.800000,0.000000
-14.500000,-8.700000,0.000000
-14.500000,-11.600000,0.000000
14.500000,-11.600000,0.000000
14.500000,-8.700000,0.000000
14.500000,-5.800000,0.000000
14.500000,-2.900000,0.000000
14.500000,0.000000,0.000000
14.500000,2.900000,0.000000
14.500000,5.800000,0.000000
14.500000,8.700000,0.000000
14.500000,11.600000,0.000000
19.000000,-19.000000,3.000000
-16.750000,-19.000000,6.000000
-19.000000,-19.000000,3.000000
-19.000000,19.000000,3.000000
-11.600000,19.000000,6.000000
-8.700000,19.000000,6.000000
-5.800000,19.000000,6.000000
-2.900000,19.000000,6.000000
0.000000,19.000000,6.000000
2.900000,19.000000,6.000000
5.800000,19.000000,6.000000
8.700000,19.000000,6.000000
11.600000,19.000000,6.000000
-16.750000,19.000000,6.000000
19.000000,19.000000,3.000000
-13.869565,-14.203435,8.965962
-13.239130,-13.906870,11.931925
-12.608696,-13.610304,14.897887
-11.978261,-13.313739,17.863850
-11.347826,-13.017174,20.829813
-10.717391,-12.720609,23.795775
-10.086957,-12.424044,26.761738
-9.456522,-12.127478,29.727699
-8.826087,-11.830913,32.693661
-8.195652,-11.534348,35.659626
-7.565217,-11.237782,38.625588
-6.934783,-10.941217,41.591549
-6.304348,-10.644652,44.557510
-5.673913,-10.348086,47.523476
-5.043478,-10.051521,50.489437
-4.413043,-9.754956,53.455399
-3.782609,-9.458391,56.421360
-3.152174,-9.161826,59.387325
-2.521739,-8.865260,62.353287
-1.891304,-8.568695,65.319252
-1.260870,-8.272130,68.285210
-0.630435,-7.975565,71.251175
-0.630435,-12.475565,71.251175
-1.260870,-12.772130,68.285210
-1.891304,-13.068695,65.319252
-2.521739,-13.365260,62.353287
-3.152174,-13.661826,59.387325
-3.782609,-13.958391,56.421360
-4.413043,-14.254956,53.455399
-5.043478,-14.551521,50.489437
-5.673913,-14.848086,47.523476
-6.304348,-15.144652,44.557510
-6.934783,-15.441217,41.591549
-7.565217,-15.737782,38.625588
-8.195652,-16.034347,35.659626
-8.826087,-16.330914,32.693661
-9.456522,-16.627478,29.727699
-10.086957,-16.924044,26.761738
-10.717391,-17.220608,23.795775
-11.347826,-17.517174,20.829813
-11.978261,-17.813740,17.863850
-12.608696,-18.110304,14.897887
-13.239130,-18.406870,11.931925
-13.869565,-18.703434,8.965962
0.630435,-7.975565,71.251175
1.260870,-8.272130,68.285210
1.891304,-8.568695,65.319252
2.521739,-8.865260,62.353287
3.152174,-9.161826,59.387325
3.782609,-9.458391,56.421360
4.413043,-9.754956,53.455399
5.043478,-10.051521,50.489437
5.673913,-10.348086,47.523476
6.304348,-10.644652,44.557510
6.934783,-10.941217,41.591549
7.565217,-11.237782,38.625588
8.195652,-11.534348,35.659626
8.826087,-11.830913,32.693661
9.456522,-12.127478,29.727699
10.086957,-12.424044,26.761738
10.717391,-12.720609,23.795775
11.347826,-13.017174,20.829813
11.978261,-13.313739,17.863850
12.608696,-13.610304,14.897887
13.239130,-13.906870,11.931925
13.869565,-14.203435,8.965962
13.869565,-18.703434,8.965962
13.239130,-18.406870,11.931925
12.608696,-18.110304,14.897887
11.978261,-17.813740,17.863850
11.347826,-17.517174,20.829813
10.717391,-17.220608,23.795775
10.086957,-16.924044,26.761738
9.456522,-16.627478,29.727699
8.826087,-16.330914,32.693661
8.195652,-16.034347,35.659626
7.565217,-15.737782,38.625588
6.934783,-15.441217,41.591549
6.304348,-15.144652,44.557510
5.673913,-14.848086,47.523476
5.043478,-14.551521,50.489437
4.413043,-14.254956,53.455399
3.782609,-13.958391,56.421360
3.152174,-13.661826,59.387325
2.521739,-13.365260,62.353287
1.891304,-13.068695,65.319252
1.260870,-12.772130,68.285210
0.630435,-12.475565,71.251175
14.500000,-11.600000,6.000000
14.500000,-8.700000,6.000000
14.500000,-5.800000,6.000000
14.500000,-2.900000,6.000000
14.500000,0.000000,6.000000
14.500000,2.900000,6.000000
14.500000,5.800000,6.000000
14.500000,8.700000,6.000000
14.500000,11.600000,6.000000
19.000000,16.750000,6.000000
19.000000,11.600000,6.000000
19.000000,8.700000,6.000000
19.000000,5.800000,6.000000
19.000000,2.900000,6.000000
19.000000,0.000000,6.000000
19.000000,-2.900000,6.000000
19.000000,-5.800000,6.000000
19.000000,-8.700000,6.000000
19.000000,-11.600000,6.000000
-14.500000,11.600000,6.000000
-14.500000,8.700000,6.000000
-14.500000,5.800000,6.000000
-14.500000,2.900000,6.000000
-14.500000,0.000000,6.000000
-14.500000,-2.900000,6.000000
-14.500000,-5.800000,6.000000
-14.500000,-8.700000,6.000000
-14.500000,-11.600000,6.000000
-2.155955,-11.076328,85.245003
-2.779809,-11.369798,82.309998
-3.403662,-11.663267,79.375000
-4.027516,-11.956737,76.440002
-4.651369,-12.250206,73.504997
-5.275223,-12.543675,70.570000
-5.899076,-12.837145,67.635002
-6.522930,-13.130613,64.699997
-7.146783,-13.424083,61.764999
-7.770637,-13.717552,58.830002
-8.394490,-14.011022,55.895001
-9.018344,-14.304491,52.959999
-9.642198,-14.597960,50.025002
-10.266051,-14.891430,47.090000
-10.889904,-15.184899,44.154999
-11.513758,-15.478368,41.220001
-12.137611,-15.771837,38.285000
-12.761465,-16.065308,35.349998
-13.385319,-16.358776,32.415001
-14.009172,-16.652245,29.480000
-14.633025,-16.945715,26.545000
-15.256879,-17.239183,23.610001
-15.880733,-17.532654,20.674999
-16.504585,-17.826122,17.740000
-17.128439,-18.119593,14.805000
-17.752293,-18.413061,11.870000
-18.376146,-18.706532,8.935000
18.376146,-18.706532,8.935000
17.752293,-18.413061,11.870000
17.128439,-18.119593,14.805000
16.504585,-17.826122,17.740000
15.880733,-17.532654,20.674999
15.256879,-17.239183,23.610001
14.633025,-16.945715,26.545000
14.009172,-16.652245,29.480000
13.385319,-16.358776,32.415001
12.761465,-16.065308,35.349998
12.137611,-15.771837,38.285000
11.513758,-15.478368,41.220001
10.889904,-15.184899,44.154999
10.266051,-14.891430,47.090000
9.642198,-14.597960,50.025002
9.018344,-14.304491,52.959999
8.394490,-14.011022,55.895001
7.770637,-13.717552,58.830002
7.146783,-13.424083,61.764999
6.522930,-13.130613,64.699997
5.899076,-12.837145,67.635002
5.275223,-12.543675,70.570000
4.651369,-12.250206,73.504997
4.027516,-11.956737,76.440002
3.403662,-11.663267,79.375000
2.779809,-11.369798,82.309998
2.155955,-11.076328,85.245003
-19.000000,-16.750000,6.000000
-19.000000,-11.600000,6.000000
-19.000000,-8.700000,6.000000
-19.000000,-5.800000,6.000000
-19.000000,-2.900000,6.000000
-19.000000,0.000000,6.000000
-19.000000,2.900000,6.000000
-19.000000,5.800000,6.000000
-19.000000,8.700000,6.000000
-19.000000,11.600000,6.000000
-18.376146,18.706532,8.935000
-17.752293,18.413061,11.870000
-17.128439,18.119593,14.805000
-16.504585,17.826122,17.740000
-15.880733,17.532654,20.674999
-15.256879,17.239183,23.610001
-14.633025,16.945715,26.545000
-14.009172,16.652245,29.480000
-13.385319,16.358776,32.415001
-12.761465,16.065308,35.349998
-12.137611,15.771837,38.285000
-11.513758,15.478368,41.220001
-10.889904,15.184899,44.154999
-10.266051,14.891430,47.090000
-9.642198,14.597960,50.025002
-9.018344,14.304491,52.959999
-8.394490,14.011022,55.895001
-7.770637,13.717552,58.830002
-7.146783,13.424083,61.764999
-6.522930,13.130613,64.699997
-5.899076,12.837145,67.635002
-5.275223,12.543675,70.570000
-4.651369,12.250206,73.504997
-4.027516,11.956737,76.440002
-3.403662,11.663267,79.375000
-2.779809,11.369798,82.309998
-2.155955,11.076328,85.245003
2.155955,11.076328,85.245003
2.779809,11.369798,82.309998
3.403662,11.663267,79.375000
4.027516,11.956737,76.440002
4.651369,12.250206,73.504997
5.275223,12.543675,70.570000
5.899076,12.837145,67.635002
6.522930,13.130613,64.699997
7.146783,13.424083,61.764999
7.770637,13.717552,58.830002
8.394490,14.011022,55.895001
9.018344,14.304491,52.959999
9.642198,14.597960,50.025002
10.266051,14.891430,47.090000
10.889904,15.184899,44.154999
11.513758,15.478368,41.220001
12.137611,15.771837,38.285000
12.761465,16.065308,35.349998
13.385319,16.358776,32.415001
14.009172,16.652245,29.480000
14.633025,16.945715,26.545000
15.256879,17.239183,23.610001
15.880733,17.532654,20.674999
16.504585,17.826122,17.740000
17.128439,18.119593,14.805000
17.752293,18.413061,11.870000
18.376146,18.706532,8.935000
13.869565,18.703434,8.965962
13.239130,18.406870,11.931925
12.608696,18.110304,14.897887
11.978261,17.813740,17.863850
11.347826,17.517174,20.829813
10.717391,17.220608,23.795775
10.086957,16.924044,26.761738
9.456522,16.627478,29.727699
8.826087,16.330914,32.693661
8.195652,16.034347,35.659626
7.565217,15.737782,38.625588
6.934783,15.441217,41.591549
6.304348,15.144652,44.557510
5.673913,14.848086,47.523476
5.043478,14.551521,50.489437
4.413043,14.254956,53.455399
3.782609,13.958391,56.421360
3.152174,13.661826,59.387325
2.521739,13.365260,62.353287
1.891304,13.068695,65.319252
1.260870,12.772130,68.285210
0.630435,12.475565,71.251175
-0.630435,12.475565,71.251175
-1.260870,12.772130,68.285210
-1.891304,13.068695,65.319252
-2.521739,13.365260,62.353287
-3.152174,13.661826,59.387325
-3.782609,13.958391,56.421360
-4.413043,14.254956,53.455399
-5.043478,14.551521,50.489437
-5.673913,14.848086,47.523476
-6.304348,15.144652,44.557510
-6.934783,15.441217,41.591549
-7.565217,15.737782,38.625588
-8.195652,16.034347,35.659626
-8.826087,16.330914,32.693661
-9.456522,16.627478,29.727699
-10.086957,16.924044,26.761738
-10.717391,17.220608,23.795775
-11.347826,17.517174,20.829813
-11.978261,17.813740,17.863850
-12.608696,18.110304,14.897887
-13.239130,18.406870,11.931925
-13.869565,18.703434,8.965962
-1.532102,7.702042,88.180000
-1.532102,4.621225,88.180000
-1.532102,1.540408,88.180000
-1.532102,-1.540408,88.180000
-1.532102,-4.621225,88.180000
-1.532102,-7.702042,88.180000
1.532102,-7.702042,88.180000
1.532102,-4.621225,88.180000
1.532102,-1.540408,88.180000
1.532102,1.540408,88.180000
1.532102,4.621225,88.180000
1.532102,7.702042,88.180000
-16.750000,-14.500000,6.000000
-18.369034,-14.203185,8.968462
-17.738068,-13.906370,11.936923
-17.107101,-13.609554,14.905385
-16.476135,-13.312739,17.873846
-15.845170,-13.015925,20.842308
-15.214204,-12.719110,23.810770
-14.583239,-12.422295,26.779230
-13.952272,-12.125479,29.747692
-13.321306,-11.828664,32.716152
-12.690340,-11.531849,35.684616
-12.059374,-11.235034,38.653076
-11.428409,-10.938219,41.621540
-10.797442,-10.641403,44.590000
-10.166476,-10.344588,47.558460
-9.535510,-10.047773,50.526924
-8.904544,-9.750958,53.495384
-8.273579,-9.454143,56.463844
-7.642612,-9.157328,59.432308
-7.011646,-8.860513,62.400768
-6.380681,-8.563698,65.369232
-5.749714,-8.266883,68.337692
-5.118749,-7.970067,71.306152
-4.487782,-7.673252,74.274612
-3.856817,-7.376437,77.243080
-3.225851,-7.079622,80.211540
0.000000,-6.782807,83.180000
3.225851,-7.079622,80.211540
3.856817,-7.376437,77.243080
4.487782,-7.673252,74.274612
5.118749,-7.970067,71.306152
5.749714,-8.266883,68.337692
6.380681,-8.563698,65.369232
7.011646,-8.860513,62.400768
7.642612,-9.157328,59.432308
8.273579,-9.454143,56.463844
8.904544,-9.750958,53.495384
9.535510,-10.047773,50.526924
10.166476,-10.344588,47.558460
10.797442,-10.641403,44.590000
11.428409,-10.938219,41.621540
12.059374,-11.235034,38.653076
12.690340,-11.531849,35.684616
13.321306,-11.828664,32.716152
13.952272,-12.125479,29.747692
14.583239,-12.422295,26.779230
15.214204,-12.719110,23.810770
15.845170,-13.015925,20.842308
16.476135,-13.312739,17.873846
17.107101,-13.609554,14.905385
17.738068,-13.906370,11.936923
18.369034,-14.203185,8.968462
2.594885,-4.069684,83.180000
2.594885,-1.356561,83.180000
2.594885,1.356561,83.180000
2.594885,4.069684,83.180000
3.225851,7.079622,80.211540
3.856817,7.376437,77.243080
4.487782,7.673252,74.274612
5.118749,7.970067,71.306152
5.749714,8.266883,68.337692
6.380681,8.563698,65.369232
7.011646,8.860513,62.400768
7.642612,9.157328,59.432308
8.273579,9.454143,56.463844
8.904544,9.750958,53.495384
9.535510,10.047773,50.526924
10.166476,10.344588,47.558460
10.797442,10.641403,44.590000
11.428409,10.938219,41.621540
12.059374,11.235034,38.653076
12.690340,11.531849,35.684616
13.321306,11.828664,32.716152
13.952272,12.125479,29.747692
14.583239,12.422295,26.779230
15.214204,12.719110,23.810770
15.845170,13.015925,20.842308
16.476135,13.312739,17.873846
17.107101,13.609554,14.905385
17.738068,13.906370,11.936923
18.369034,14.203185,8.968462
13.869565,14.203435,8.965962
13.239130,13.906870,11.931925
12.608696,13.610304,14.897887
11.978261,13.313739,17.863850
11.347826,13.017174,20.829813
10.717391,12.720609,23.795775
10.086957,12.424044,26.761738
9.456522,12.127478,29.727699
8.826087,11.830913,32.693661
8.195652,11.534348,35.659626
7.565217,11.237782,38.625588
6.934783,10.941217,41.591549
6.304348,10.644652,44.557510
5.673913,10.348086,47.523476
5.043478,10.051521,50.489437
4.413043,9.754956,53.455399
3.782609,9.458391,56.421360
3.152174,9.161826,59.387325
2.521739,8.865260,62.353287
1.891304,8.568695,65.319252
1.260870,8.272130,68.285210
0.630435,7.975565,71.251175
0.000000,9.929000,74.217140
-0.630435,7.975565,71.251175
-1.260870,8.272130,68.285210
-1.891304,8.568695,65.319252
-2.521739,8.865260,62.353287
-3.152174,9.161826,59.387325
-3.782609,9.458391,56.421360
-4.413043,9.754956,53.455399
-5.043478,10.051521,50.489437
-5.673913,10.348086,47.523476
-6.304348,10.644652,44.557510
-6.934783,10.941217,41.591549
-7.565217,11.237782,38.625588
-8.195652,11.534348,35.659626
-8.826087,11.830913,32.693661
-9.456522,12.127478,29.727699
-10.086957,12.424044,26.761738
-10.717391,12.720609,23.795775
-11.347826,13.017174,20.829813
-11.978261,13.313739,17.863850
-12.608696,13.610304,14.897887
-13.239130,13.906870,11.931925
-13.869565,14.203435,8.965962
-16.750000,14.500000,6.000000
-18.369034,14.203185,8.968462
-17.738068,13.906370,11.936923
-17.107101,13.609554,14.905385
-16.476135,13.312739,17.873846
-15.845170,13.015925,20.842308
-15.214204,12.719110,23.810770
-14.583239,12.422295,26.779230
-13.952272,12.125479,29.747692
-13.321306,11.828664,32.716152
-12.690340,11.531849,35.684616
-12.059374,11.235034,38.653076
-11.428409,10.938219,41.621540
-10.797442,10.641403,44.590000
-10.166476,10.344588,47.558460
-9.535510,10.047773,50.526924
-8.904544,9.750958,53.495384
-8.273579,9.454143,56.463844
-7.642612,9.157328,59.432308
-7.011646,8.860513,62.400768
-6.380681,8.563698,65.369232
-5.749714,8.266883,68.337692
-5.118749,7.970067,71.306152
-4.487782,7.673252,74.274612
-3.856817,7.376437,77.243080
-3.225851,7.079622,80.211540
-2.594885,4.069684,83.180000
-2.594885,1.356561,83.180000
-2.594885,-1.356561,83.180000
-2.594885,-4.069684,83.180000
0.000000,6.782807,83.180000
13.898642,-10.090278,30.000000
9.398643,-10.090278,30.000000
9.876895,7.368039,27.750000
9.876895,4.420823,27.750000
9.876895,1.473608,27.750000
9.876895,-1.473608,27.750000
9.876895,-4.420823,27.750000
9.876895,-7.368039,27.750000
8.920390,-7.046644,32.250000
8.920390,-4.227986,32.250000
8.920390,-1.409329,32.250000
8.920390,1.409329,32.250000
8.920390,4.227986,32.250000
8.920390,7.046644,32.250000
9.398643,10.090278,30.000000
14.376895,7.368039,27.750000
14.376895,4.420823,27.750000
14.376895,1.473608,27.750000
14.376895,-1.473608,27.750000
14.376895,-4.420823,27.750000
14.376895,-7.368039,27.750000
13.420390,7.046644,32.250000
13.420390,4.227986,32.250000
13.420390,1.409329,32.250000
13.420390,-1.409329,32.250000
13.420390,-4.227986,32.250000
13.420390,-7.046644,32.250000
13.898642,10.090278,30.000000
0.000000,-9.600513,55.000000
0.000000,-12.075489,52.750000
0.000000,-14.100513,55.000000
0.000000,-11.625536,57.250000
4.412377,-12.100251,30.000000
1.470792,-12.100251,30.000000
-1.470792,-12.100251,30.000000
-4.412377,-12.100251,30.000000
4.412377,-16.600250,30.000000
1.470792,-16.600250,30.000000
-1.470792,-16.600250,30.000000
-4.412377,-16.600250,30.000000
-4.412377,16.600250,30.000000
-1.470792,16.600250,30.000000
1.470792,16.600250,30.000000
4.412377,16.600250,30.000000
-4.125425,14.125275,32.250000
-1.375142,14.125275,32.250000
1.375142,14.125275,32.250000
4.125425,14.125275,32.250000
-4.412377,12.100251,30.000000
-1.470792,12.100251,30.000000
1.470792,12.100251,30.000000
4.412377,12.100251,30.000000
-8.584728,-4.554324,55.000000
-8.584728,-1.518108,55.000000
-8.584728,1.518108,55.000000
-8.584728,4.554324,55.000000
-4.084728,-4.554324,55.000000
-4.084728,-1.518108,55.000000
-4.084728,1.518108,55.000000
-4.084728,4.554324,55.000000
4.084728,4.554324,55.000000
4.084728,1.518108,55.000000
4.084728,-1.518108,55.000000
4.084728,-4.554324,55.000000
8.584728,4.554324,55.000000
8.584728,1.518108,55.000000
8.584728,-1.518108,55.000000
8.584728,-4.554324,55.000000
-13.898642,-7.207341,30.000000
-13.898642,-4.324405,30.000000
-13.898642,-1.441468,30.000000
-13.898642,1.441468,30.000000
-13.898642,4.324405,30.000000
-13.898642,7.207341,30.000000
-9.398643,-7.207341,30.000000
-9.398643,-4.324405,30.000000
-9.398643,-1.441468,30.000000
-9.398643,1.441468,30.000000
-9.398643,4.324405,30.000000
-9.398643,7.207341,30.000000
11.600000,-14.500000,3.000000
8.700000,-14.500000,3.000000
5.800000,-14.500000,3.000000
2.900000,-14.500000,3.000000
0.000000,-14.500000,3.000000
-2.900000,-14.500000,3.000000
-5.800000,-14.500000,3.000000
-8.700000,-14.500000,3.000000
-11.600000,-14.500000,3.000000
-11.600000,14.500000,3.000000
-8.700000,14.500000,3.000000
-5.800000,14.500000,3.000000
-2.900000,14.500000,3.000000
0.000000,14.500000,3.000000
2.900000,14.500000,3.000000
5.800000,14.500000,3.000000
8.700000,14.500000,3.000000
11.600000,14.500000,3.000000
-16.413462,-19.000000,3.000000
-13.826923,-19.000000,3.000000
-10.915384,-19.000000,3.000000
-8.003846,-19.000000,3.000000
-5.092308,-19.000000,3.000000
-2.180769,-19.000000,3.000000
0.730769,-19.000000,3.000000
3.642308,-19.000000,3.000000
6.553846,-19.000000,3.000000
9.465384,-19.000000,3.000000
12.376923,-19.000000,3.000000
15.288462,-19.000000,3.000000
15.288462,19.000000,3.000000
12.376923,19.000000,3.000000
9.465384,19.000000,3.000000
6.553846,19.000000,3.000000
3.642308,19.000000,3.000000
0.730769,19.000000,3.000000
-2.180769,19.000000,3.000000
-5.092308,19.000000,3.000000
-8.003846,19.000000,3.000000
-10.915384,19.000000,3.000000
-13.826923,19.000000,3.000000
-16.413462,19.000000,3.000000
-4.759073,-12.566149,51.827457
-1.578403,-10.680415,66.791336
-3.425380,-11.158643,58.101990
-6.616951,-13.064177,43.086830
-11.663777,-15.436600,19.343380
-0.445863,-10.136066,72.119514
-2.205291,-10.961182,63.842056
-2.829750,-11.195666,60.904213
-5.363195,-12.525940,48.985290
-5.989445,-12.762599,46.039017
-7.247751,-13.355805,40.119148
-7.894413,-13.647480,37.076843
-8.600541,-13.975504,33.754772
-10.531514,-14.890300,24.670256
-11.054288,-15.133744,22.210802
-12.291787,-15.728311,16.388823
-12.919101,-16.005917,13.437546
-13.531625,-16.293745,10.555845
-14.054151,-16.540123,8.097554
-0.967812,-10.385312,69.663940
3.424638,-11.163865,58.105480
4.759567,-12.562667,51.825131
0.967278,-10.393102,69.666450
2.829350,-11.198789,60.906094
1.579210,-10.674908,66.787537
5.363607,-12.523039,48.983349
12.921168,-15.990631,13.427820
8.600813,-13.973577,33.753494
7.251164,-13.349597,40.103092
12.293762,-15.703807,16.379532
13.532030,-16.290772,10.553940
11.030862,-15.143507,22.321014
6.619452,-13.049614,43.075062
5.989930,-12.759688,46.036732
7.895619,-13.644572,37.071167
2.205774,-10.956935,63.839783
11.662800,-15.418190,19.347979
10.383983,-15.026341,25.364340
14.054233,-16.539528,8.097173
0.445629,-10.140446,72.120613
14.500000,11.600000,3.000000
14.500000,8.700000,3.000000
14.500000,5.800000,3.000000
14.500000,2.900000,3.000000
14.500000,0.000000,3.000000
14.500000,-2.900000,3.000000
14.500000,-5.800000,3.000000
14.500000,-8.700000,3.000000
14.500000,-11.600000,3.000000
19.000000,16.413462,3.000000
19.000000,13.826923,3.000000
19.000000,10.915384,3.000000
19.000000,8.003846,3.000000
19.000000,5.092308,3.000000
19.000000,2.180769,3.000000
19.000000,-0.730769,3.000000
19.000000,-3.642308,3.000000
19.000000,-6.553846,3.000000
19.000000,-9.465384,3.000000
19.000000,-12.376923,3.000000
19.000000,-15.288462,3.000000
-14.500000,-11.600000,3.000000
-14.500000,-8.700000,3.000000
-14.500000,-5.800000,3.000000
-14.500000,-2.900000,3.000000
-14.500000,0.000000,3.000000
-14.500000,2.900000,3.000000
-14.500000,5.800000,3.000000
-14.500000,8.700000,3.000000
-14.500000,11.600000,3.000000
-15.820523,-18.789638,8.103844
1.363934,-11.914784,76.859566
-0.007249,-11.297104,83.037010
-1.403465,-11.917443,76.832977
-0.006683,-11.599352,80.014221
-15.686263,-18.545132,10.549151
-2.281308,-12.211913,73.887970
2.274045,-12.211447,73.892631
-15.143636,-18.258743,13.413341
-3.008128,-12.497365,71.033150
-14.531146,-17.965191,16.349176
-3.904821,-12.724720,68.759361
-13.906737,-17.670418,19.297211
-4.017320,-12.965416,66.352150
-13.280318,-17.375442,22.247273
-4.556355,-13.251073,63.495285
-12.653579,-17.080437,25.197634
-5.168430,-13.544434,60.561371
-12.026805,-16.785431,28.148001
-5.793035,-13.839121,57.614189
-11.400041,-16.490429,31.098328
-6.419816,-14.134044,54.664654
-10.773293,-16.195433,34.048614
-7.047001,-14.429014,51.714638
-10.214219,-15.898199,37.021256
-7.606944,-14.726374,48.740727
-9.875916,-15.585383,40.149731
-7.945991,-15.039443,45.609711
3.006785,-12.497283,71.033966
15.663337,-18.495461,11.045914
3.904528,-12.724704,68.759522
15.143055,-18.250900,13.491790
4.017270,-12.965413,66.352181
14.533997,-17.964445,16.356625
4.556348,-13.251073,63.495285
13.909867,-17.670832,19.293074
5.168431,-13.544434,60.561367
13.283226,-17.376003,22.241661
5.793036,-13.839121,57.614185
12.656205,-17.080978,25.192228
6.419817,-14.134044,54.664650
12.029164,-16.785927,28.143047
7.047003,-14.429014,51.714634
11.402156,-16.490879,31.093830
7.674288,-14.724000,48.764469
10.775187,-16.195839,34.044537
8.277304,-15.016755,45.836609
10.158276,-15.901727,36.985970
8.905769,-15.311856,42.885292
9.535902,-15.607131,39.932232
-19.000000,-16.413462,3.000000
-19.000000,-13.826923,3.000000
-19.000000,-10.915384,3.000000
-19.000000,-8.003846,3.000000
-19.000000,-5.092308,3.000000
-19.000000,-2.180769,3.000000
-19.000000,0.730769,3.000000
-19.000000,3.642308,3.000000
-19.000000,6.553846,3.000000
-19.000000,9.465384,3.000000
-19.000000,12.376923,3.000000
-19.000000,15.288462,3.000000
-0.003070,11.295198,83.056084
-0.008077,11.594359,80.064148
-1.391819,11.915482,76.852600
1.388469,11.917820,76.829208
15.663337,18.495461,11.045914
-15.820523,18.789638,8.103844
15.143055,18.250900,13.491790
2.278333,12.211993,73.887169
-2.279161,12.211583,73.891266
3.007557,12.497387,71.032936
14.533997,17.964445,16.356625
3.904710,12.724730,68.759254
13.909867,17.670832,19.293074
13.283226,17.376003,22.241661
4.017316,12.965422,66.352097
12.656205,17.080978,25.192228
4.556370,13.251077,63.495239
12.029164,16.785927,28.143047
5.168447,13.544437,60.561333
11.402156,16.490879,31.093830
5.793051,13.839125,57.614155
10.775187,16.195839,34.044537
6.419831,14.134047,54.664623
10.148252,15.900806,36.995174
7.047015,14.429017,51.714611
7.650272,14.721740,48.787079
9.531219,15.606705,39.936504
8.278696,15.016837,45.835796
8.908785,15.312113,42.882729
-3.007769,12.497318,71.033615
-15.686263,18.545132,10.549151
-3.904786,12.724722,68.759346
-15.143636,18.258743,13.413341
-4.017348,12.965424,66.352074
-14.531146,17.965191,16.349176
-4.556391,13.251081,63.495201
-13.906737,17.670418,19.297211
-5.168465,13.544441,60.561291
-13.280318,17.375442,22.247273
-5.793067,13.839128,57.614117
-12.653579,17.080437,25.197634
-6.419845,14.134050,54.664589
-12.026805,16.785431,28.148001
-7.047028,14.429020,51.714580
-11.400041,16.490429,31.098328
-7.606952,14.726376,48.740711
-10.773293,16.195433,34.048614
-7.945992,15.039443,45.609707
-10.214219,15.898199,37.021256
-9.875916,15.585383,40.149731
10.839186,-11.723279,33.770111
-10.839186,-11.723279,33.770111
-5.283337,-9.289763,58.107815
-7.393709,-9.917719,51.827602
0.387434,-7.043190,80.575890
-15.817299,-14.288515,8.115069
15.655837,-13.992569,11.074839
1.095895,-7.303081,77.976715
5.283337,-9.289763,58.107815
-7.687990,-10.201647,48.988022
5.007029,-9.007303,60.932713
15.132373,-13.746621,13.534576
10.126805,-11.391001,37.093243
7.379773,-9.916014,51.844650
14.519543,-13.458539,16.415695
9.481044,-11.088135,40.122219
7.669528,-10.200195,49.002544
4.426853,-8.713001,63.876034
13.891506,-13.163251,19.368891
8.860674,-10.791136,43.092522
13.255363,-12.858342,22.418291
8.245397,-10.495010,46.054085
12.526547,-12.513554,25.866543
-15.679799,-14.042622,10.574263
-5.007029,-9.007303,60.932713
3.801452,-8.416650,66.839867
-8.240452,-10.494728,46.056904
-10.138165,-11.391685,37.086403
-12.861017,-12.563908,25.362948
-4.426853,-8.713001,63.876034
3.170582,-8.119933,69.807335
-13.321065,-12.867124,22.330471
-8.864109,-10.791339,43.090485
-9.498343,-11.089212,40.111439
-15.161685,-13.756683,13.433943
2.525274,-7.828586,72.721115
-14.545443,-13.461507,16.386021
-3.801452,-8.416650,66.839867
-13.918983,-13.164701,19.354385
1.782049,-7.561724,75.390015
-3.170582,-8.119933,69.807335
-2.446837,-7.821301,72.793976
-1.325549,-7.524335,75.763947
-1.384977,-7.265333,78.354233
2.072405,-5.757171,85.638069
2.072405,5.757171,85.638069
2.065536,-2.890842,85.670387
2.065536,2.890842,85.670387
2.064174,0.000000,85.676796
18.556833,-16.543539,8.084940
17.926905,16.249062,11.048513
2.098920,8.515894,85.513329
2.098920,-8.515894,85.513329
2.697500,9.025315,82.697227
3.320112,9.357402,79.768074
3.946818,9.659062,76.819656
4.574202,9.955510,73.868042
5.201682,10.251069,70.915985
5.829162,10.546481,67.963921
6.456626,10.841871,65.011932
7.084076,11.137260,62.060013
7.711513,11.432651,59.108158
8.338938,11.728044,56.156357
8.966352,12.023437,53.204601
2.697500,-9.025315,82.697227
17.407101,15.992052,13.494001
16.798996,15.721773,16.354910
9.593760,12.318831,50.252884
3.320112,-9.357402,79.768074
10.221159,12.614224,47.301201
3.946818,-9.659062,76.819656
16.173481,15.423022,19.297729
15.546090,15.114665,22.249371
10.864012,12.971148,44.276817
4.574202,-9.955510,73.868042
14.919609,14.835503,25.196730
11.611897,13.609345,40.758297
5.201682,-10.251069,70.915985
12.383057,13.694427,37.130272
5.829162,-10.546481,67.963921
14.295765,14.538316,28.131687
13.666914,14.242779,31.090197
6.456626,-10.841871,65.011932
13.034734,13.953633,34.064373
7.084076,-11.137260,62.060013
7.711513,-11.432651,59.108158
8.338938,-11.728044,56.156357
8.966352,-12.023437,53.204601
9.593760,-12.318831,50.252884
10.221159,-12.614224,47.301201
10.864012,-12.971148,44.276817
11.611897,-13.609345,40.758297
12.384843,-13.706099,37.121868
13.036330,-13.949124,34.056858
13.668837,-14.241877,31.081154
14.297366,-14.549431,28.124153
14.923902,-14.829197,25.176535
15.552160,-15.127581,22.220812
16.179979,-15.436143,19.267151
16.805336,-15.725453,16.325079
17.428369,-16.013668,13.393937
18.036791,-16.297726,10.531544
4.759073,12.566149,51.827457
1.595991,10.695731,66.708588
3.425408,11.159021,58.101860
6.616951,13.064177,43.086830
11.663777,15.436600,19.343380
1.075720,10.438224,69.156273
2.208251,10.964112,63.828133
2.830247,11.196217,60.901871
5.363195,12.525940,48.985290
5.989445,12.762599,46.039017
7.247751,13.355805,40.119148
7.894413,13.647480,37.076843
8.600541,13.975504,33.754772
10.531514,14.890300,24.670256
11.054288,15.133744,22.210802
12.291787,15.728311,16.388823
12.919101,16.005917,13.437546
13.531625,16.293745,10.555845
14.054151,16.540123,8.097554
-3.425133,11.160383,58.103153
-4.761051,12.552223,51.818153
-5.989982,12.756822,46.036488
-1.074993,10.441822,69.159691
-11.662055,15.422419,19.351482
-2.207369,10.968473,63.832279
-11.029625,15.152210,22.326830
-7.893250,13.649171,37.082317
-2.830055,11.197171,60.902775
-7.251860,13.343047,40.099815
-8.600374,13.975745,33.755554
-12.292032,15.715992,16.387672
-1.597785,10.681991,66.700149
-5.364303,12.518043,48.980076
-13.530909,16.298662,10.559213
-12.919766,16.008167,13.434419
-6.620017,13.045268,43.072403
-10.383777,15.027792,25.365309
-14.054008,16.541107,8.098228
-16.750000,-11.600000,6.000000
-16.750000,-8.700000,6.000000
-16.750000,-5.800000,6.000000
-16.750000,-2.900000,6.000000
-16.750000,0.000000,6.000000
-16.750000,2.900000,6.000000
-16.750000,5.800000,6.000000
-16.750000,8.700000,6.000000
-16.750000,11.600000,6.000000
-2.072405,-5.757171,85.638069
-2.067122,5.769680,85.662926
-2.065536,-2.890842,85.670387
-2.064655,2.892927,85.674530
-2.064027,0.000347,85.677490
-18.109764,15.933084,10.188228
-17.926905,-16.249062,11.048513
-2.098920,-8.515894,85.513329
-17.438328,15.951524,13.347088
-2.068460,8.588334,85.656632
-16.803511,15.697053,16.333666
-2.697500,-9.025315,82.697227
-16.175692,15.427237,19.287325
-3.320112,-9.357402,79.768074
-3.946818,-9.659062,76.819656
-15.546830,15.128375,22.245888
-14.918876,14.820009,25.200180
-4.574202,-9.955510,73.868042
-5.201682,-10.251069,70.915985
-14.292275,14.541051,28.148102
-13.665203,14.234756,31.098247
-5.829162,-10.546481,67.963921
-13.040007,13.940772,34.039562
-6.456626,-10.841871,65.011932
-7.084076,-11.137260,62.060013
-12.413706,13.657127,36.986080
-7.711513,-11.432651,59.108158
-11.787022,13.366491,39.934395
-11.160225,13.072703,42.883244
-8.338938,-11.728044,56.156357
-8.966352,-12.023437,53.204601
-10.533373,12.778034,45.832352
-9.593760,-12.318831,50.252884
-9.906478,12.483160,48.781658
-10.221159,-12.614224,47.301201
-9.279542,12.188244,51.731163
-10.864012,-12.971148,44.276817
-8.652566,11.893320,54.680851
-11.611897,-13.609345,40.758297
-8.025551,11.598398,57.630726
-12.384843,-13.706099,37.121868
-7.398497,11.303477,60.580780
-6.771407,11.008560,63.531010
-6.144281,10.713646,66.481399
-5.517121,10.418736,69.431953
-4.889930,10.123829,72.382660
-4.262709,9.828927,75.333504
-3.635609,9.533318,78.283775
-3.028069,9.307516,81.142029
-2.525435,9.424956,83.506729
-17.407101,-15.992052,13.494001
-13.036330,-13.949124,34.056858
-16.798996,-15.721773,16.354910
-13.668837,-14.241877,31.081154
-14.295455,-14.536959,28.133144
-16.177795,-15.425133,19.277431
-15.550161,-15.127691,22.230217
-14.922160,-14.831825,25.184727
0.000000,-4.069684,83.180000
0.000000,-1.356561,83.180000
0.000000,1.356561,83.180000
0.000000,4.069684,83.180000
-10.839186,11.723279,33.770111
-15.817299,14.288515,8.115069
7.393709,9.917719,51.827602
5.283337,9.289763,58.107815
-0.480779,7.068547,80.322296
1.272089,7.356226,77.445206
-5.283337,9.289763,58.107815
7.687990,10.201647,48.988022
-15.679799,14.042622,10.574263
-5.024035,9.009542,60.910313
-10.126805,11.391001,37.093243
-7.379773,9.916014,51.844650
-1.480757,7.358303,77.424438
-15.133344,13.754601,13.454770
-2.518456,7.585984,75.147392
-9.481044,11.088135,40.122219
-7.669528,10.200195,49.002544
-4.447608,8.714797,63.858078
-2.679598,7.836056,72.646408
-14.516900,13.459370,16.407391
-8.860674,10.791136,43.092522
-3.215934,8.123630,69.770378
-13.888492,13.162907,19.372333
-8.245397,10.495010,46.054085
-3.824352,8.418305,66.823303
-13.254493,12.858216,22.419556
-12.526423,12.513535,25.866724
2.471680,7.584927,75.157967
5.007029,9.007303,60.932713
8.264456,10.496228,46.041904
10.858460,11.724582,33.757088
12.861017,12.563908,25.362948
15.655837,13.992569,11.074839
4.452327,8.714700,63.859055
15.143959,13.747342,13.527364
13.306922,12.866286,22.338846
8.875858,10.792092,43.082954
10.149126,11.392405,37.079201
2.657081,7.834554,72.661430
3.828123,8.418437,66.821991
3.207495,8.122939,69.777275
13.911539,13.164041,19.360981
14.537616,13.459620,16.404886
9.502128,11.089458,40.108986
9.398643,7.207341,30.000000
9.398643,4.324405,30.000000
9.398643,1.441468,30.000000
9.398643,-1.441468,30.000000
9.398643,-4.324405,30.000000
9.398643,-7.207341,30.000000
13.898642,7.207341,30.000000
13.898642,4.324405,30.000000
13.898642,1.441468,30.000000
13.898642,-1.441468,30.000000
13.898642,-4.324405,30.000000
13.898642,-7.207341,30.000000
